Data	etched_(Thermal_SiO2+PR)_15sec
Recipe	SINGH
Site Name	
Points	404
X-Resolution	0.399504
X-Coord	15135.34
Y-Coord	-23164.80
	       Raw	Intermediate	    Normal	 Roughness	  Waviness
1	    118115	         0	  -114.112	  -114.112	  -114.112
2	    117938	  -176.656	  -145.234	  -145.234	  -145.234
3	    117847	  -267.695	  -171.192	  -171.192	  -171.192
4	    117935	  -179.914	  -171.365	  -171.365	  -171.365
5	    118045	  -69.3672	  -168.495	  -168.495	  -168.495
6	    117948	  -166.906	   -187.68	   -187.68	   -187.68
7	    117812	  -302.383	  -213.564	  -213.564	  -213.564
8	    117868	  -247.109	   -220.38	   -220.38	   -220.38
9	    117960	  -154.984	  -216.478	  -216.478	  -216.478
10	    117932	  -183.164	  -225.263	  -225.263	  -225.263
11	    117806	  -308.883	   -244.14	   -244.14	   -244.14
12	    117840	  -274.203	  -255.575	  -255.575	  -255.575
13	    117915	  -199.422	  -258.942	  -258.942	  -258.942
14	    117806	  -308.883	  -260.979	  -260.979	  -260.979
15	    117833	  -281.789	  -263.067	  -263.067	  -263.067
16	    117948	  -166.906	  -275.649	  -275.649	  -275.649
17	    117788	  -326.227	      -303	      -303	      -303
18	    117679	  -435.688	  -319.992	  -319.992	  -319.992
19	    117810	  -304.547	  -311.591	  -311.591	  -311.591
20	    117929	  -185.328	  -307.352	  -307.352	  -307.352
21	    117813	  -301.297	  -331.111	  -331.111	  -331.111
22	    117590	  -524.563	   -353.93	   -353.93	   -353.93
23	    117760	  -354.406	  -348.429	  -348.429	  -348.429
24	    117956	  -158.234	  -346.215	  -346.215	  -346.215
25	    117730	   -384.75	  -376.631	  -376.631	  -376.631
26	    117511	   -603.68	  -405.822	  -405.822	  -405.822
27	    117762	  -352.234	  -406.667	  -406.667	  -406.667
28	    117881	  -234.102	  -413.958	  -413.958	  -413.958
29	    117572	  -542.984	  -446.821	  -446.821	  -446.821
30	    117511	   -603.68	  -466.257	  -466.257	  -466.257
31	    117731	  -383.664	  -455.545	  -455.545	  -455.545
32	    117774	  -340.313	  -451.384	  -451.384	  -451.384
33	    117584	  -531.063	  -470.549	  -470.549	  -470.549
34	    117548	  -566.828	  -485.663	  -485.663	  -485.663
35	    117682	  -432.438	  -484.873	  -484.873	  -484.873
36	    117690	  -424.852	  -488.611	  -488.611	  -488.611
37	    117552	  -562.492	  -502.072	  -502.072	  -502.072
38	    117559	  -555.992	  -507.722	  -507.722	  -507.722
39	    117676	  -438.938	  -505.741	  -505.741	  -505.741
40	    117635	  -480.125	  -511.838	  -511.838	  -511.838
41	    117514	  -600.422	  -520.617	  -520.617	  -520.617
42	    117579	  -535.398	  -518.009	  -518.009	  -518.009
43	    117691	  -423.766	  -517.094	  -517.094	  -517.094
44	    117604	  -510.469	  -535.918	  -535.918	  -535.918
45	    117455	  -660.031	  -558.451	  -558.451	  -558.451
46	    117528	  -586.336	  -562.344	  -562.344	  -562.344
47	    117665	  -449.781	  -560.954	  -560.954	  -560.954
48	    117524	  -590.672	  -572.901	  -572.901	  -572.901
49	    117446	  -668.703	  -582.316	  -582.316	  -582.316
50	    117539	    -575.5	  -572.383	  -572.383	  -572.383
51	    117631	  -483.375	  -563.214	  -563.214	  -563.214
52	    117597	  -518.055	  -578.596	  -578.596	  -578.596
53	    117393	  -721.813	  -601.122	  -601.122	  -601.122
54	    117467	  -648.109	  -600.842	  -600.842	  -600.842
55	    117637	  -477.953	  -590.689	  -590.689	  -590.689
56	    117559	  -555.992	  -601.936	  -601.936	  -601.936
57	    117397	  -717.477	  -623.919	  -623.919	  -623.919
58	    117415	  -700.133	  -625.336	  -625.336	  -625.336
59	    117617	  -497.461	  -616.404	  -616.404	  -616.404
60	    117559	  -555.992	  -629.363	  -629.363	  -629.363
61	    117319	  -795.508	  -653.397	  -653.397	  -653.397
62	    117420	  -694.719	  -657.338	  -657.338	  -657.338
63	    117598	  -516.977	  -655.168	  -655.168	  -655.168
64	    117463	  -651.367	  -676.061	  -676.061	  -676.061
65	    117279	  -835.609	  -702.382	  -702.382	  -702.382
66	    117397	  -717.477	  -704.723	  -704.723	  -704.723
67	    117520	  -595.008	   -698.54	   -698.54	   -698.54
68	    117413	  -701.219	  -710.483	  -710.483	  -710.483
69	    117307	   -807.43	  -729.538	  -729.538	  -729.538
70	    117370	   -744.57	  -733.884	  -733.884	  -733.884
71	    117441	  -674.125	  -729.214	  -729.214	  -729.214
72	    117372	  -742.406	  -730.105	  -730.105	  -730.105
73	    117357	  -757.578	  -735.002	  -735.002	  -735.002
74	    117397	  -717.477	    -738.5	    -738.5	    -738.5
75	    117372	  -742.406	  -742.123	  -742.123	  -742.123
76	    117355	  -759.742	  -746.465	  -746.465	  -746.465
77	    117376	  -739.148	  -750.084	  -750.084	  -750.084
78	    117360	  -754.328	  -752.695	  -752.695	  -752.695
79	    117344	  -770.586	  -752.885	  -752.885	  -752.885
80	    117377	   -738.07	  -749.571	  -749.571	  -749.571
81	    117365	  -749.992	  -744.216	  -744.216	  -744.216
82	    117369	  -745.656	  -739.672	  -739.672	  -739.672
83	    117409	  -705.555	  -741.445	  -741.445	  -741.445
84	    117366	  -748.906	  -753.294	  -753.294	  -753.294
85	    117326	  -789.008	   -769.03	   -769.03	   -769.03
86	    117326	  -789.008	  -778.059	  -778.059	  -778.059
87	    117324	  -791.172	  -777.726	  -777.726	  -777.726
88	    117360	  -754.328	  -776.175	  -776.175	  -776.175
89	    117366	  -748.906	  -782.315	  -782.315	  -782.315
90	    117278	  -836.695	  -791.985	  -791.985	  -791.985
91	    117298	  -817.188	  -794.533	  -794.533	  -794.533
92	    117378	  -736.984	  -790.881	  -790.881	  -790.881
93	    117292	  -822.602	  -785.243	  -785.243	  -785.243
94	    117298	  -817.188	  -775.711	  -775.711	  -775.711
95	    117444	  -670.875	  -771.344	  -771.344	  -771.344
96	    117339	      -776	  -782.681	  -782.681	  -782.681
97	    117224	  -890.883	  -792.373	  -792.373	  -792.373
98	    117316	  -798.758	  -780.594	  -780.594	  -780.594
99	    117447	  -667.625	  -762.106	  -762.106	  -762.106
100	    117366	  -748.906	  -753.625	  -753.625	  -753.625
101	    117229	  -885.469	  -737.631	  -737.631	  -737.631
102	    117470	  -644.859	  -706.052	  -706.052	  -706.052
103	    117579	  -535.398	  -691.901	  -691.901	  -691.901
104	    117329	  -785.758	   -707.89	   -707.89	   -707.89
105	    117291	  -823.688	  -717.275	  -717.275	  -717.275
106	    117461	  -653.531	  -701.082	  -701.082	  -701.082
107	    117503	  -611.266	  -686.061	  -686.061	  -686.061
108	    117394	  -720.727	  -692.566	  -692.566	  -692.566
109	    117398	  -716.391	  -712.735	  -712.735	  -712.735
110	    117417	  -697.969	  -737.073	  -737.073	  -737.073
111	    117311	   -804.18	  -760.732	  -760.732	  -760.732
112	    117320	   -794.43	  -779.071	  -779.071	  -779.071
113	    117372	  -742.406	  -800.137	  -800.137	  -800.137
114	    117289	  -825.859	  -843.916	  -843.916	  -843.916
115	    117239	  -875.711	  -936.412	  -936.412	  -936.412
116	    117164	  -950.492	  -1132.55	  -1132.55	  -1132.55
117	    116904	   -1210.6	  -1541.21	  -1541.21	  -1541.21
118	    116459	  -1656.05	  -2294.57	  -2294.57	  -2294.57
119	    115004	  -3110.51	  -3455.62	  -3455.62	  -3455.62
120	    113138	  -4976.81	  -5031.48	  -5031.48	  -5031.48
121	    112029	  -6085.54	  -7215.74	  -7215.74	  -7215.74
122	    109797	  -8318.16	  -10483.5	  -10483.5	  -10483.5
123	    104379	  -13736.1	  -15199.4	  -15199.4	  -15199.4
124	   97685.1	  -20429.6	  -21218.8	  -21218.8	  -21218.8
125	   89942.4	  -28172.3	  -28068.6	  -28068.6	  -28068.6
126	   82913.9	  -35200.7	  -35586.6	  -35586.6	  -35586.6
127	   77337.8	  -40776.9	  -44216.8	  -44216.8	  -44216.8
128	   65690.2	  -52424.5	  -54022.1	  -54022.1	  -54022.1
129	   48723.3	  -69391.4	  -63426.6	  -63426.6	  -63426.6
130	   43369.3	  -74745.3	  -70193.7	  -70193.7	  -70193.7
131	   42901.1	  -75213.5	  -73664.8	  -73664.8	  -73664.8
132	   42780.8	  -75333.9	  -74916.9	  -74916.9	  -74916.9
133	   42824.2	  -75290.5	  -75233.4	  -75233.4	  -75233.4
134	   42791.7	    -75323	  -75286.2	  -75286.2	  -75286.2
135	   42890.3	  -75224.4	  -75291.7	  -75291.7	  -75291.7
136	   42777.6	  -75337.1	  -75292.9	  -75292.9	  -75292.9
137	   42777.6	  -75337.1	  -75285.1	  -75285.1	  -75285.1
138	   42906.6	  -75208.1	    -75270	    -75270	    -75270
139	     42874	  -75240.6	    -75261	    -75261	    -75261
140	   42801.4	  -75313.3	  -75256.4	  -75256.4	  -75256.4
141	   42866.5	  -75248.2	    -75249	    -75249	    -75249
142	     42951	  -75163.7	  -75251.2	  -75251.2	  -75251.2
143	   42845.9	  -75268.8	  -75272.5	  -75272.5	  -75272.5
144	   42727.7	    -75387	  -75292.1	  -75292.1	  -75292.1
145	   42807.9	  -75306.8	  -75289.2	  -75289.2	  -75289.2
146	   42917.4	  -75197.3	  -75279.5	  -75279.5	  -75279.5
147	   42850.2	  -75264.5	  -75287.1	  -75287.1	  -75287.1
148	   42751.6	  -75363.1	  -75305.2	  -75305.2	  -75305.2
149	   42777.6	  -75337.1	  -75314.7	  -75314.7	  -75314.7
150	   42857.8	  -75256.9	  -75319.1	  -75319.1	  -75319.1
151	   42779.8	  -75334.9	  -75329.7	  -75329.7	  -75329.7
152	   42720.1	  -75394.5	  -75341.8	  -75341.8	  -75341.8
153	   42800.3	  -75314.3	    -75350	    -75350	    -75350
154	     42783	  -75331.7	  -75361.6	  -75361.6	  -75361.6
155	   42699.6	  -75415.1	  -75375.9	  -75375.9	  -75375.9
156	   42699.6	  -75415.1	  -75381.7	  -75381.7	  -75381.7
157	   42772.2	  -75342.5	    -75382	    -75382	    -75382
158	   42767.8	  -75346.9	  -75391.9	  -75391.9	  -75391.9
159	   42658.4	  -75456.3	  -75409.6	  -75409.6	  -75409.6
160	   42652.9	  -75461.7	  -75418.9	  -75418.9	  -75418.9
161	   42742.9	  -75371.8	  -75421.8	  -75421.8	  -75421.8
162	   42726.6	    -75388	  -75436.3	  -75436.3	  -75436.3
163	   42613.9	  -75500.8	  -75461.3	  -75461.3	  -75461.3
164	   42574.9	  -75539.8	  -75474.8	  -75474.8	  -75474.8
165	   42673.5	  -75441.1	  -75470.3	  -75470.3	  -75470.3
166	   42686.5	  -75428.1	  -75464.5	  -75464.5	  -75464.5
167	   42626.9	  -75487.8	  -75469.1	  -75469.1	  -75469.1
168	     42641	  -75473.7	  -75480.6	  -75480.6	  -75480.6
169	   42631.3	  -75483.4	  -75494.7	  -75494.7	  -75494.7
170	   42595.5	  -75519.2	  -75507.6	  -75507.6	  -75507.6
171	   42568.4	  -75546.3	  -75512.9	  -75512.9	  -75512.9
172	   42608.5	  -75506.2	  -75515.2	  -75515.2	  -75515.2
173	   42690.9	  -75423.8	  -75530.9	  -75530.9	  -75530.9
174	   42483.9	  -75630.8	  -75556.1	  -75556.1	  -75556.1
175	     42434	  -75680.7	  -75562.7	  -75562.7	  -75562.7
176	   42671.4	  -75443.3	  -75552.3	  -75552.3	  -75552.3
177	   42649.7	    -75465	    -75559	    -75559	    -75559
178	   42423.2	  -75691.5	  -75581.2	  -75581.2	  -75581.2
179	   42438.4	  -75676.3	  -75582.5	  -75582.5	  -75582.5
180	   42655.1	  -75459.6	  -75567.3	  -75567.3	  -75567.3
181	   42647.5	  -75467.2	    -75577	    -75577	    -75577
182	   42409.1	  -75705.6	  -75611.9	  -75611.9	  -75611.9
183	     42382	  -75732.7	  -75629.5	  -75629.5	  -75629.5
184	   42556.5	  -75558.2	  -75618.5	  -75618.5	  -75618.5
185	   42579.3	  -75535.4	  -75612.2	  -75612.2	  -75612.2
186	   42454.6	  -75660.1	  -75627.4	  -75627.4	  -75627.4
187	   42429.7	    -75685	  -75646.2	  -75646.2	  -75646.2
188	   42475.2	  -75639.5	  -75655.6	  -75655.6	  -75655.6
189	   42469.8	  -75644.9	  -75662.8	  -75662.8	  -75662.8
190	   42435.1	  -75679.6	  -75674.8	  -75674.8	  -75674.8
191	   42419.9	  -75694.8	  -75687.3	  -75687.3	  -75687.3
192	   42402.6	  -75712.1	  -75693.9	  -75693.9	  -75693.9
193	   42422.1	  -75692.6	  -75696.7	  -75696.7	  -75696.7
194	   42453.5	  -75661.2	  -75706.7	  -75706.7	  -75706.7
195	   42387.4	  -75727.3	  -75727.9	  -75727.9	  -75727.9
196	   42315.9	  -75798.8	  -75745.5	  -75745.5	  -75745.5
197	   42344.1	  -75770.6	  -75743.6	  -75743.6	  -75743.6
198	   42405.8	  -75708.8	  -75728.3	  -75728.3	  -75728.3
199	   42438.4	  -75676.3	  -75722.5	  -75722.5	  -75722.5
200	   42409.1	  -75705.6	  -75738.3	  -75738.3	  -75738.3
201	   42297.5	  -75817.2	  -75762.7	  -75762.7	  -75762.7
202	     42304	  -75810.7	    -75777	    -75777	    -75777
203	   42397.2	  -75717.5	  -75783.4	  -75783.4	  -75783.4
204	   42307.2	  -75807.5	  -75790.6	  -75790.6	  -75790.6
205	   42254.1	  -75860.6	  -75790.1	  -75790.1	  -75790.1
206	     42356	  -75758.7	  -75780.1	  -75780.1	  -75780.1
207	   42435.1	  -75679.6	  -75786.3	  -75786.3	  -75786.3
208	   42312.6	  -75802.1	  -75821.3	  -75821.3	  -75821.3
209	   42116.5	  -75998.2	  -75850.4	  -75850.4	  -75850.4
210	   42215.1	  -75899.6	  -75840.5	  -75840.5	  -75840.5
211	   42454.6	  -75660.1	  -75819.3	  -75819.3	  -75819.3
212	   42348.4	  -75766.3	  -75831.3	  -75831.3	  -75831.3
213	   42108.9	  -76005.8	  -75861.9	  -75861.9	  -75861.9
214	     42214	  -75900.7	  -75869.8	  -75869.8	  -75869.8
215	   42327.8	  -75786.9	  -75860.7	  -75860.7	  -75860.7
216	   42308.3	  -75806.4	  -75867.2	  -75867.2	  -75867.2
217	   42158.7	    -75956	  -75887.4	  -75887.4	  -75887.4
218	     42149	  -75965.7	  -75893.6	  -75893.6	  -75893.6
219	   42307.2	  -75807.5	  -75885.9	  -75885.9	  -75885.9
220	   42270.4	  -75844.3	  -75890.7	  -75890.7	  -75890.7
221	     42162	  -75952.7	  -75912.9	  -75912.9	  -75912.9
222	   42160.9	  -75953.8	  -75931.7	  -75931.7	  -75931.7
223	     42162	  -75952.7	  -75934.3	  -75934.3	  -75934.3
224	   42197.8	  -75916.9	    -75930	    -75930	    -75930
225	   42235.7	    -75879	  -75937.4	  -75937.4	  -75937.4
226	   42153.3	  -75961.4	  -75959.6	  -75959.6	  -75959.6
227	     42059	  -76055.7	  -75975.2	  -75975.2	  -75975.2
228	   42124.1	  -75990.6	  -75967.6	  -75967.6	  -75967.6
229	   42230.3	  -75884.4	  -75953.9	  -75953.9	  -75953.9
230	   42208.6	  -75906.1	  -75962.6	  -75962.6	  -75962.6
231	   42089.4	  -76025.3	  -75989.9	  -75989.9	  -75989.9
232	   42024.3	  -76090.3	  -76004.5	  -76004.5	  -76004.5
233	   42124.1	  -75990.6	  -75996.8	  -75996.8	  -75996.8
234	   42242.2	  -75872.5	  -75995.6	  -75995.6	  -75995.6
235	   42074.2	  -76040.5	  -76019.1	  -76019.1	  -76019.1
236	   41983.2	  -76131.5	  -76043.1	  -76043.1	  -76043.1
237	     42059	  -76055.7	  -76043.6	  -76043.6	  -76043.6
238	   42141.4	  -75973.3	  -76037.1	  -76037.1	  -76037.1
239	   42120.8	  -75993.9	  -76050.7	  -76050.7	  -76050.7
240	   41972.3	  -76142.4	  -76076.7	  -76076.7	  -76076.7
241	   41959.3	  -76155.4	  -76086.2	  -76086.2	  -76086.2
242	     42084	  -76030.7	  -76077.4	  -76077.4	  -76077.4
243	   42107.8	  -76006.9	  -76077.7	  -76077.7	  -76077.7
244	   41988.6	  -76126.1	  -76098.3	  -76098.3	  -76098.3
245	   41953.9	  -76160.8	    -76122	    -76122	    -76122
246	   41998.3	  -76116.4	  -76136.4	  -76136.4	  -76136.4
247	   41972.3	  -76142.4	  -76144.3	  -76144.3	  -76144.3
248	   41933.3	  -76181.4	  -76148.4	  -76148.4	  -76148.4
249	   41985.3	  -76129.4	  -76151.3	  -76151.3	  -76151.3
250	   41990.7	  -76123.9	  -76161.9	  -76161.9	  -76161.9
251	   41921.4	  -76193.3	  -76179.5	  -76179.5	  -76179.5
252	   41860.7	    -76254	    -76187	    -76187	    -76187
253	   41933.3	  -76181.4	  -76178.1	  -76178.1	  -76178.1
254	     42033	  -76081.7	  -76175.6	  -76175.6	  -76175.6
255	   41948.5	  -76166.2	  -76198.1	  -76198.1	  -76198.1
256	   41778.3	  -76336.4	  -76225.7	  -76225.7	  -76225.7
257	   41859.6	  -76255.1	  -76231.7	  -76231.7	  -76231.7
258	   41976.7	    -76138	  -76228.3	  -76228.3	  -76228.3
259	   41884.5	  -76230.2	  -76239.3	  -76239.3	  -76239.3
260	   41806.5	  -76308.2	  -76255.7	  -76255.7	  -76255.7
261	   41803.3	  -76311.4	  -76252.9	  -76252.9	  -76252.9
262	   41920.3	  -76194.4	  -76235.7	  -76235.7	  -76235.7
263	   41969.1	  -76145.6	  -76235.4	  -76235.4	  -76235.4
264	   41848.8	  -76265.9	  -76263.1	  -76263.1	  -76263.1
265	   41728.5	  -76386.2	  -76291.6	  -76291.6	  -76291.6
266	   41811.9	  -76302.8	  -76297.8	  -76297.8	  -76297.8
267	   41880.2	  -76234.5	  -76295.2	  -76295.2	  -76295.2
268	   41821.7	    -76293	  -76306.1	  -76306.1	  -76306.1
269	   41766.4	  -76348.3	  -76327.4	  -76327.4	  -76327.4
270	   41733.9	  -76380.8	  -76343.2	  -76343.2	  -76343.2
271	   41793.5	  -76321.2	  -76351.7	  -76351.7	  -76351.7
272	   41783.7	    -76331	  -76362.4	  -76362.4	  -76362.4
273	   41677.5	  -76437.2	  -76371.7	  -76371.7	  -76371.7
274	   41731.7	    -76383	  -76371.2	  -76371.2	  -76371.2
275	   41816.3	  -76298.4	  -76370.4	  -76370.4	  -76370.4
276	   41731.7	    -76383	  -76381.5	  -76381.5	  -76381.5
277	     41658	  -76456.7	  -76395.3	  -76395.3	  -76395.3
278	   41729.6	  -76385.1	  -76404.4	  -76404.4	  -76404.4
279	   41779.4	  -76335.3	  -76420.3	  -76420.3	  -76420.3
280	   41602.7	  -76511.9	  -76444.3	  -76444.3	  -76444.3
281	   41591.9	  -76522.8	  -76457.1	  -76457.1	  -76457.1
282	   41738.2	  -76376.5	  -76457.4	  -76457.4	  -76457.4
283	   41660.2	  -76454.5	  -76460.5	  -76460.5	  -76460.5
284	   41574.6	  -76540.1	  -76465.2	  -76465.2	  -76465.2
285	   41687.3	  -76427.4	  -76467.9	  -76467.9	  -76467.9
286	   41718.7	    -76396	  -76481.8	  -76481.8	  -76481.8
287	   41537.7	    -76577	  -76504.1	  -76504.1	  -76504.1
288	   41506.3	  -76608.4	  -76508.4	  -76508.4	  -76508.4
289	   41711.1	  -76403.6	    -76496	    -76496	    -76496
290	   41702.5	  -76412.2	  -76496.9	  -76496.9	  -76496.9
291	   41488.9	  -76625.7	  -76509.5	  -76509.5	  -76509.5
292	   41555.1	  -76559.6	  -76508.1	  -76508.1	  -76508.1
293	   41750.1	  -76364.5	  -76503.6	  -76503.6	  -76503.6
294	   41623.3	  -76491.4	  -76523.3	  -76523.3	  -76523.3
295	   41430.4	  -76684.3	  -76552.4	  -76552.4	  -76552.4
296	   41562.6	    -76552	  -76564.6	  -76564.6	  -76564.6
297	   41635.3	  -76479.4	  -76570.6	  -76570.6	  -76570.6
298	   41481.4	  -76633.3	  -76585.6	  -76585.6	  -76585.6
299	   41468.4	  -76646.3	  -76598.7	  -76598.7	  -76598.7
300	     41554	  -76560.7	  -76604.5	  -76604.5	  -76604.5
301	   41538.8	  -76575.9	  -76613.9	  -76613.9	  -76613.9
302	   41420.7	    -76694	  -76623.8	  -76623.8	  -76623.8
303	   41457.5	  -76657.2	    -76622	    -76622	    -76622
304	   41603.8	  -76510.9	  -76619.8	  -76619.8	  -76619.8
305	   41478.1	  -76636.6	  -76631.6	  -76631.6	  -76631.6
306	   41363.2	  -76751.5	    -76642	    -76642	    -76642
307	   41518.2	  -76596.5	  -76637.6	  -76637.6	  -76637.6
308	   41550.7	    -76564	  -76637.5	  -76637.5	  -76637.5
309	   41444.5	  -76670.2	  -76656.3	  -76656.3	  -76656.3
310	   41382.7	    -76732	  -76676.6	  -76676.6	  -76676.6
311	   41422.8	  -76691.9	  -76681.6	  -76681.6	  -76681.6
312	   41478.1	  -76636.6	  -76680.4	  -76680.4	  -76680.4
313	   41435.8	  -76678.8	  -76689.2	  -76689.2	  -76689.2
314	   41403.3	  -76711.4	  -76706.9	  -76706.9	  -76706.9
315	   41358.9	  -76755.8	  -76718.8	  -76718.8	  -76718.8
316	   41375.1	  -76739.5	  -76719.1	  -76719.1	  -76719.1
317	   41468.4	  -76646.3	  -76721.3	  -76721.3	  -76721.3
318	   41387.1	  -76727.6	    -76737	    -76737	    -76737
319	   41273.3	  -76841.4	  -76754.3	  -76754.3	  -76754.3
320	   41387.1	  -76727.6	  -76762.1	  -76762.1	  -76762.1
321	   41400.1	  -76714.6	  -76770.7	  -76770.7	  -76770.7
322	   41274.4	  -76840.3	  -76784.4	  -76784.4	  -76784.4
323	   41289.5	  -76825.2	  -76792.9	  -76792.9	  -76792.9
324	   41387.1	  -76727.6	  -76800.5	  -76800.5	  -76800.5
325	     41321	  -76793.7	  -76819.7	  -76819.7	  -76819.7
326	   41176.8	  -76937.9	  -76838.4	  -76838.4	  -76838.4
327	   41264.6	  -76850.1	  -76840.7	  -76840.7	  -76840.7
328	   41380.6	  -76734.1	  -76841.6	  -76841.6	  -76841.6
329	   41232.1	  -76882.6	  -76856.1	  -76856.1	  -76856.1
330	   41159.5	  -76955.2	  -76866.1	  -76866.1	  -76866.1
331	   41268.9	  -76845.8	  -76858.3	  -76858.3	  -76858.3
332	   41354.6	  -76760.1	  -76855.9	  -76855.9	  -76855.9
333	   41255.9	  -76858.8	  -76878.6	  -76878.6	  -76878.6
334	     41102	  -77012.7	  -76904.5	  -76904.5	  -76904.5
335	   41190.9	  -76923.8	  -76906.6	  -76906.6	  -76906.6
336	   41280.9	  -76833.8	  -76897.1	  -76897.1	  -76897.1
337	   41249.4	  -76865.3	  -76904.9	  -76904.9	  -76904.9
338	   41171.4	  -76943.3	    -76930	    -76930	    -76930
339	   41085.8	  -77028.9	  -76945.7	  -76945.7	  -76945.7
340	   41182.2	  -76932.5	  -76939.6	  -76939.6	  -76939.6
341	   41241.8	  -76872.8	  -76931.5	  -76931.5	  -76931.5
342	     41205	  -76909.7	  -76943.1	  -76943.1	  -76943.1
343	   41104.2	  -77010.5	  -76966.9	  -76966.9	  -76966.9
344	   41091.2	  -77023.5	  -76981.4	  -76981.4	  -76981.4
345	   41162.7	    -76952	  -76986.9	  -76986.9	  -76986.9
346	   41175.7	    -76939	    -77001	    -77001	    -77001
347	   41035.9	  -77078.8	  -77023.2	  -77023.2	  -77023.2
348	   41013.2	  -77101.5	  -77035.1	  -77035.1	  -77035.1
349	   41163.8	  -76950.9	  -77039.9	  -77039.9	  -77039.9
350	   41098.8	  -77015.9	  -77056.2	  -77056.2	  -77056.2
351	   40931.9	  -77182.8	  -77073.4	  -77073.4	  -77073.4
352	   41009.9	  -77104.8	  -77068.8	  -77068.8	  -77068.8
353	   41159.5	  -76955.2	    -77056	    -77056	    -77056
354	   41090.1	  -77024.6	  -77062.8	  -77062.8	  -77062.8
355	   40942.7	    -77172	  -77081.5	  -77081.5	  -77081.5
356	   41015.3	  -77099.4	  -77090.5	  -77090.5	  -77090.5
357	   41098.8	  -77015.9	  -77096.8	  -77096.8	  -77096.8
358	   40993.6	    -77121	  -77114.5	  -77114.5	  -77114.5
359	   40911.3	  -77203.4	  -77131.5	  -77131.5	  -77131.5
360	   40982.8	  -77131.9	  -77135.3	  -77135.3	  -77135.3
361	   41051.1	  -77063.6	  -77139.6	  -77139.6	  -77139.6
362	   40942.7	    -77172	  -77156.1	  -77156.1	  -77156.1
363	   40878.8	  -77235.9	    -77171	    -77171	    -77171
364	   40952.5	  -77162.2	    -77173	    -77173	    -77173
365	   41001.2	  -77113.5	  -77174.5	  -77174.5	  -77174.5
366	   40901.5	  -77213.2	  -77185.9	  -77185.9	  -77185.9
367	   40885.3	  -77229.4	  -77199.7	  -77199.7	  -77199.7
368	   40951.4	  -77163.3	  -77211.6	  -77211.6	  -77211.6
369	   40874.4	  -77240.3	  -77222.8	  -77222.8	  -77222.8
370	   40834.3	  -77280.4	  -77226.7	  -77226.7	  -77226.7
371	   40922.1	  -77192.6	    -77223	    -77223	    -77223
372	   40940.5	  -77174.1	  -77226.7	  -77226.7	  -77226.7
373	   40851.7	    -77263	  -77242.7	  -77242.7	  -77242.7
374	   40809.4	  -77305.3	  -77256.2	  -77256.2	  -77256.2
375	   40870.1	  -77244.6	  -77259.6	  -77259.6	  -77259.6
376	   40898.3	  -77216.4	  -77264.8	  -77264.8	  -77264.8
377	   40815.9	  -77298.8	  -77278.1	  -77278.1	  -77278.1
378	   40786.6	    -77328	  -77288.5	  -77288.5	  -77288.5
379	   40836.5	  -77278.2	  -77289.5	  -77289.5	  -77289.5
380	   40854.9	  -77259.8	  -77291.7	  -77291.7	  -77291.7
381	   40820.2	  -77294.4	  -77302.9	  -77302.9	  -77302.9
382	   40756.3	  -77358.4	  -77314.9	  -77314.9	  -77314.9
383	   40792.1	  -77322.6	  -77319.8	  -77319.8	  -77319.8
384	   40836.5	  -77278.2	  -77325.3	  -77325.3	  -77325.3
385	   40779.1	  -77335.6	  -77338.2	  -77338.2	  -77338.2
386	   40698.9	  -77415.8	  -77349.4	  -77349.4	  -77349.4
387	   40782.3	  -77332.4	  -77355.5	  -77355.5	  -77355.5
388	   40845.2	  -77269.5	  -77372.3	  -77372.3	  -77372.3
389	   40640.3	  -77474.4	  -77399.5	  -77399.5	  -77399.5
390	   40605.6	    -77509	  -77411.3	  -77411.3	  -77411.3
391	   40800.7	    -77314	  -77406.3	  -77406.3	  -77406.3
392	     40765	  -77349.7	  -77412.3	  -77412.3	  -77412.3
393	   40598.1	  -77516.6	  -77430.6	  -77430.6	  -77430.6
394	   40641.4	  -77473.3	  -77437.2	  -77437.2	  -77437.2
395	     40740	  -77374.6	  -77431.6	  -77431.6	  -77431.6
396	   40708.6	  -77406.1	  -77432.5	  -77432.5	  -77432.5
397	   40621.9	  -77492.8	  -77439.1	  -77439.1	  -77439.1
398	     40662	  -77452.7	  -77440.5	  -77440.5	  -77440.5
399	   40735.7	    -77379	  -77444.4	  -77444.4	  -77444.4
400	   40672.8	  -77441.8	  -77463.3	  -77463.3	  -77463.3
401	   40556.9	  -77557.8	  -77487.2	  -77487.2	  -77487.2
402	   40613.2	  -77501.5	  -77499.9	  -77499.9	  -77499.9
403	   40651.2	  -77463.5	  -77505.5	  -77505.5	  -77505.5
404	   40579.6	    -77535	  -77514.8	  -77514.8	  -77514.8
