Data	etched_(Thermal_SiO2)_15sec
Recipe	SINGH
Site Name	
Points	276
X-Resolution	0.400000
X-Coord	-481.75
Y-Coord	212.85
	       Raw	Intermediate	    Normal	 Roughness	  Waviness
1	   -186875	         0	   48.8396	   48.8396	   48.8396
2	   -186854	   21.6875	   48.2441	   48.2441	   48.2441
3	   -186745	   130.063	   46.8244	   46.8244	   46.8244
4	   -186819	   56.3594	   25.7974	   25.7974	   25.7974
5	   -186957	  -81.2813	  -4.45703	  -4.45703	  -4.45703
6	   -186911	  -35.7656	  -23.9518	  -23.9518	  -23.9518
7	   -186854	   21.6875	  -37.7154	  -37.7154	  -37.7154
8	   -186933	  -57.4375	  -58.3269	  -58.3269	  -58.3269
9	   -187017	  -141.969	   -78.533	   -78.533	   -78.533
10	   -186952	  -76.9375	  -91.6269	  -91.6269	  -91.6269
11	   -186905	    -29.25	   -111.39	   -111.39	   -111.39
12	   -187060	  -184.234	  -144.342	  -144.342	  -144.342
13	   -187097	  -222.172	  -171.902	  -171.902	  -171.902
14	   -187058	  -183.156	  -180.388	  -180.388	  -180.388
15	   -187031	  -156.063	  -180.949	  -180.949	  -180.949
16	   -187044	  -169.063	  -191.469	  -191.469	  -191.469
17	   -187079	   -203.75	  -215.946	  -215.946	  -215.946
18	   -187143	  -267.688	  -241.847	  -241.847	  -241.847
19	   -187180	  -304.547	  -253.665	  -253.665	  -253.665
20	   -187106	  -230.844	  -254.317	  -254.317	  -254.317
21	   -187063	  -187.484	  -264.151	  -264.151	  -264.151
22	   -187196	  -320.797	  -287.137	  -287.137	  -287.137
23	   -187262	  -386.906	  -300.862	  -300.862	  -300.862
24	   -187140	  -264.438	  -298.601	  -298.601	  -298.601
25	   -187100	  -224.344	  -310.325	  -310.325	  -310.325
26	   -187168	  -292.625	   -356.69	   -356.69	   -356.69
27	   -187422	  -546.234	  -406.188	  -406.188	  -406.188
28	   -187402	  -526.719	  -415.205	  -415.205	  -415.205
29	   -187130	  -254.688	  -401.452	  -401.452	  -401.452
30	   -187179	  -303.453	  -418.975	  -418.975	  -418.975
31	   -187449	  -573.328	  -464.029	  -464.029	  -464.029
32	   -187513	  -637.266	  -481.177	  -481.177	  -481.177
33	   -187235	  -359.813	  -461.523	  -461.523	  -461.523
34	   -187220	  -344.641	  -456.081	  -456.081	  -456.081
35	   -187377	  -501.797	  -486.923	  -486.923	  -486.923
36	   -187520	  -644.859	  -517.135	  -517.135	  -517.135
37	   -187394	  -519.141	  -522.364	  -522.364	  -522.364
38	   -187252	  -377.156	  -532.678	  -532.678	  -532.678
39	   -187463	  -587.422	  -571.625	  -571.625	  -571.625
40	   -187630	  -754.313	  -607.144	  -607.144	  -607.144
41	   -187487	  -611.266	  -609.026	  -609.026	  -609.026
42	   -187363	  -487.703	  -602.384	  -602.384	  -602.384
43	   -187483	      -608	    -619.5	    -619.5	    -619.5
44	   -187599	  -723.969	  -647.708	  -647.708	  -647.708
45	   -187558	  -682.781	  -662.474	  -662.474	  -662.474
46	   -187477	    -601.5	  -671.956	  -671.956	  -671.956
47	   -187545	  -669.781	  -694.896	  -694.896	  -694.896
48	   -187672	  -796.594	  -722.973	  -722.973	  -722.973
49	   -187626	  -751.063	  -738.601	  -738.601	  -738.601
50	   -187571	  -695.797	  -749.088	  -749.088	  -749.088
51	   -187624	  -748.906	   -771.71	   -771.71	   -771.71
52	   -187711	  -835.609	  -800.979	  -800.979	  -800.979
53	   -187746	  -870.281	  -815.842	  -815.842	  -815.842
54	   -187677	      -802	  -812.836	  -812.836	  -812.836
55	   -187638	  -762.984	  -815.474	  -815.474	  -815.474
56	   -187655	   -779.25	   -845.35	   -845.35	   -845.35
57	   -187821	  -946.156	  -889.387	  -889.387	  -889.387
58	   -187892	  -1016.59	  -911.484	  -911.484	  -911.484
59	   -187750	  -874.625	  -904.051	  -904.051	  -904.051
60	   -187675	  -799.844	  -900.914	  -900.914	  -900.914
61	   -187805	  -929.891	  -924.589	  -924.589	  -924.589
62	   -187894	  -1018.77	  -954.941	  -954.941	  -954.941
63	   -187876	  -1000.34	  -967.554	  -967.554	  -967.554
64	   -187789	  -913.641	  -973.571	  -973.571	  -973.571
65	   -187799	  -923.391	  -998.226	  -998.226	  -998.226
66	   -187991	  -1115.22	  -1033.19	  -1033.19	  -1033.19
67	   -188013	  -1137.98	  -1045.15	  -1045.15	  -1045.15
68	   -187858	      -983	  -1035.58	  -1035.58	  -1035.58
69	   -187774	  -898.469	  -1045.47	  -1045.47	  -1045.47
70	   -188020	  -1144.48	  -1084.33	  -1084.33	  -1084.33
71	   -188143	  -1268.05	  -1110.18	  -1110.18	  -1110.18
72	   -187905	  -1029.61	  -1106.29	  -1106.29	  -1106.29
73	   -187876	  -1000.34	  -1111.28	  -1111.28	  -1111.28
74	   -188040	  -1165.08	  -1145.71	  -1145.71	  -1145.71
75	   -188176	  -1300.55	  -1177.24	  -1177.24	  -1177.24
76	   -188049	  -1173.75	  -1184.02	  -1184.02	  -1184.02
77	   -187936	  -1061.03	  -1194.29	  -1194.29	  -1194.29
78	   -188114	  -1238.78	  -1230.16	  -1230.16	  -1230.16
79	   -188274	  -1399.19	  -1263.37	  -1263.37	  -1263.37
80	   -188143	  -1268.05	  -1268.52	  -1268.52	  -1268.52
81	   -188017	  -1141.23	  -1270.21	  -1270.21	  -1270.21
82	   -188189	  -1313.56	   -1294.4	   -1294.4	   -1294.4
83	   -188285	  -1410.02	     -1324	     -1324	     -1324
84	   -188185	  -1309.22	  -1337.72	  -1337.72	  -1337.72
85	   -188202	  -1326.56	  -1343.23	  -1343.23	  -1343.23
86	   -188237	  -1361.25	  -1353.93	  -1353.93	  -1353.93
87	   -188229	  -1353.66	  -1371.49	  -1371.49	  -1371.49
88	   -188276	  -1400.27	  -1391.39	  -1391.39	  -1391.39
89	   -188299	  -1424.11	   -1406.7	   -1406.7	   -1406.7
90	   -188305	  -1429.53	   -1414.3	   -1414.3	   -1414.3
91	   -188267	  -1391.59	  -1423.26	  -1423.26	  -1423.26
92	   -188272	  -1397.02	  -1446.46	  -1446.46	  -1446.46
93	   -188396	  -1520.56	  -1479.28	  -1479.28	  -1479.28
94	   -188428	  -1553.08	     -1503	     -1503	     -1503
95	   -188360	   -1484.8	  -1515.45	  -1515.45	  -1515.45
96	   -188346	  -1470.72	  -1532.84	  -1532.84	  -1532.84
97	   -188498	  -1622.44	  -1555.91	  -1555.91	  -1555.91
98	   -188485	  -1609.44	  -1568.81	  -1568.81	  -1568.81
99	   -188381	  -1505.39	   -1573.7	   -1573.7	   -1573.7
100	   -188457	  -1581.27	   -1587.7	   -1587.7	   -1587.7
101	   -188502	  -1626.78	  -1611.35	  -1611.35	  -1611.35
102	   -188525	  -1649.53	  -1630.54	  -1630.54	  -1630.54
103	   -188538	  -1662.55	  -1641.06	  -1641.06	  -1641.06
104	   -188462	  -1586.67	  -1656.96	  -1656.96	  -1656.96
105	   -188535	   -1659.3	  -1688.29	  -1688.29	  -1688.29
106	   -188705	  -1829.45	  -1717.45	  -1717.45	  -1717.45
107	   -188617	  -1741.66	  -1727.28	  -1727.28	  -1727.28
108	   -188479	  -1604.02	  -1735.42	  -1735.42	  -1735.42
109	   -188668	  -1792.59	   -1749.5	   -1749.5	   -1749.5
110	   -188786	  -1910.73	  -1714.84	  -1714.84	  -1714.84
111	   -188652	  -1776.34	  -1564.99	  -1564.99	  -1564.99
112	   -188124	  -1248.53	  -1299.09	  -1299.09	  -1299.09
113	   -187866	  -990.594	  -952.926	  -952.926	  -952.926
114	   -187681	  -805.266	  -532.675	  -532.675	  -532.675
115	   -186812	   62.8594	   -60.474	   -60.474	   -60.474
116	   -186276	   599.344	   373.011	   373.011	   373.011
117	   -186066	   809.609	   688.616	   688.616	   688.616
118	   -185966	   909.313	    889.46	    889.46	    889.46
119	   -185811	    1064.3	   1014.19	   1014.19	   1014.19
120	   -185682	   1193.27	   1083.53	   1083.53	   1083.53
121	   -185806	   1069.72	   1117.06	   1117.06	   1117.06
122	   -185794	   1081.64	   1145.85	   1145.85	   1145.85
123	   -185626	   1249.63	   1177.11	   1177.11	   1177.11
124	   -185620	   1255.05	   1191.39	   1191.39	   1191.39
125	   -185744	    1131.5	   1187.85	   1187.85	   1187.85
126	   -185731	    1144.5	   1184.86	   1184.86	   1184.86
127	   -185600	   1275.64	   1179.27	   1179.27	   1179.27
128	   -185696	   1179.17	   1156.03	   1156.03	   1156.03
129	   -185841	   1033.95	   1126.87	   1126.87	   1126.87
130	   -185757	   1118.48	   1112.39	   1112.39	   1112.39
131	   -185732	   1143.42	    1106.6	    1106.6	    1106.6
132	   -185776	   1098.98	   1093.28	   1093.28	   1093.28
133	   -185814	   1061.05	   1071.25	   1071.25	   1071.25
134	   -185822	   1053.45	   1048.28	   1048.28	   1048.28
135	   -185859	   1016.61	   1030.34	   1030.34	   1030.34
136	   -185878	   997.094	   1019.26	   1019.26	   1019.26
137	   -185837	   1038.28	   1007.44	   1007.44	   1007.44
138	   -185838	    1037.2	    983.75	    983.75	    983.75
139	   -185983	   891.969	    955.23	    955.23	    955.23
140	   -185988	   887.641	   941.095	   941.095	   941.095
141	   -185877	   998.188	   937.342	   937.342	   937.342
142	   -185899	   976.516	   920.216	   920.216	   920.216
143	   -186029	   846.453	   888.419	   888.419	   888.419
144	   -186069	   806.359	   866.566	   866.566	   866.566
145	   -186000	   875.719	   865.156	   865.156	   865.156
146	   -185974	   901.734	   865.545	   865.545	   865.545
147	   -185983	   891.969	   847.326	   847.326	   847.326
148	   -186085	   790.094	   814.979	   814.979	   814.979
149	   -186140	   734.828	   791.505	   791.505	   791.505
150	   -186097	   778.172	   786.763	   786.763	   786.763
151	   -186029	   846.453	   783.015	   783.015	   783.015
152	   -186080	   795.516	    763.27	    763.27	    763.27
153	   -186219	   656.781	   740.626	   740.626	   740.626
154	   -186179	   695.813	   733.404	   733.404	   733.404
155	   -186032	   843.203	   725.087	   725.087	   725.087
156	   -186135	   740.234	   692.716	   692.716	   692.716
157	   -186375	   500.719	   657.602	   657.602	   657.602
158	   -186248	   627.531	    649.11	    649.11	    649.11
159	   -186075	   799.844	   646.343	   646.343	   646.343
160	   -186272	   603.688	   620.298	   620.298	   620.298
161	   -186390	   485.547	   589.643	   589.643	   589.643
162	   -186290	    585.25	   578.891	   578.891	   578.891
163	   -186219	   656.781	   574.171	   574.171	   574.171
164	   -186345	   529.984	   558.461	   558.461	   558.461
165	   -186387	   488.797	   539.884	   539.884	   539.884
166	   -186289	   586.344	   523.299	   523.299	   523.299
167	   -186362	   513.719	   501.139	   501.139	   501.139
168	   -186465	   410.766	   477.734	   477.734	   477.734
169	   -186387	   488.797	   463.021	   463.021	   463.021
170	   -186408	   467.125	   455.353	   455.353	   455.353
171	   -186481	   394.516	   450.076	   450.076	   450.076
172	   -186363	   512.641	   440.174	   440.174	   440.174
173	   -186426	   449.781	   419.316	   419.316	   419.316
174	   -186586	   289.375	   402.708	   402.708	   402.708
175	   -186483	   392.344	   405.848	   405.848	   405.848
176	   -186354	   521.313	   403.978	   403.978	   403.978
177	   -186426	   449.781	   366.032	   366.032	   366.032
178	   -186715	   160.406	   314.626	   314.626	   314.626
179	   -186654	   221.094	   292.684	   292.684	   292.684
180	   -186439	   436.781	   291.074	   291.074	   291.074
181	   -186601	   274.203	   276.571	   276.571	   276.571
182	   -186716	   159.328	   256.818	   256.818	   256.818
183	   -186611	   264.453	   254.008	   254.008	   254.008
184	   -186574	   301.297	    258.03	    258.03	    258.03
185	   -186605	   269.875	   246.941	   246.941	   246.941
186	   -186651	   224.359	   221.065	   221.065	   221.065
187	   -186733	   141.984	   199.888	   199.888	   199.888
188	   -186694	       181	   195.623	   195.623	   195.623
189	   -186635	   240.609	   195.586	   195.586	   195.586
190	   -186651	   224.359	   178.373	   178.373	   178.373
191	   -186744	   131.141	   144.597	   144.597	   144.597
192	   -186828	   47.6875	   117.224	   117.224	   117.224
193	   -186765	   110.547	   108.579	   108.579	   108.579
194	   -186720	   154.984	   103.443	   103.443	   103.443
195	   -186773	   101.875	   85.0304	   85.0304	   85.0304
196	   -186860	   15.1719	   59.2917	   59.2917	   59.2917
197	   -186838	   36.8594	   40.0176	   40.0176	   40.0176
198	   -186828	   47.6875	   28.7402	   28.7402	   28.7402
199	   -186884	  -8.67188	   20.9215	   20.9215	   20.9215
200	   -186854	   21.6875	   10.6011	   10.6011	   10.6011
201	   -186810	   65.0313	  -12.6334	  -12.6334	  -12.6334
202	   -186967	   -92.125	  -45.9216	  -45.9216	  -45.9216
203	   -187022	  -146.313	  -67.8746	  -67.8746	  -67.8746
204	   -186907	  -31.4219	  -75.9075	  -75.9075	  -75.9075
205	   -186874	   1.09375	  -95.1016	  -95.1016	  -95.1016
206	   -187062	  -186.406	  -128.583	  -128.583	  -128.583
207	   -187140	  -264.438	  -144.993	  -144.993	  -144.993
208	   -186949	  -73.6875	  -136.081	  -136.081	  -136.081
209	   -186920	  -44.4375	  -134.516	  -134.516	  -134.516
210	   -187068	  -192.906	  -157.895	  -157.895	  -157.895
211	   -187104	  -228.672	  -187.863	  -187.863	  -187.863
212	   -187054	  -178.828	  -209.085	  -209.085	  -209.085
213	   -187107	  -231.922	  -222.472	  -222.472	  -222.472
214	   -187154	  -278.531	  -228.578	  -228.578	  -228.578
215	   -187060	  -184.234	  -234.077	  -234.077	  -234.077
216	   -187068	  -192.906	  -255.084	  -255.084	  -255.084
217	   -187217	  -341.391	  -290.521	  -290.521	  -290.521
218	   -187232	  -356.563	  -319.487	  -319.487	  -319.487
219	   -187191	  -315.375	  -332.992	  -332.992	  -332.992
220	   -187213	  -338.141	  -341.046	  -341.046	  -341.046
221	   -187225	  -350.063	  -354.083	  -354.083	  -354.083
222	   -187225	  -350.063	  -375.581	  -375.581	  -375.581
223	   -187286	   -410.75	  -400.655	  -400.655	  -400.655
224	   -187344	  -468.203	  -417.049	  -417.049	  -417.049
225	   -187297	  -421.594	  -423.057	  -423.057	  -423.057
226	   -187217	  -341.391	   -435.79	   -435.79	   -435.79
227	   -187372	  -496.375	  -459.634	  -459.634	  -459.634
228	   -187459	  -584.156	  -470.769	  -470.769	  -470.769
229	   -187288	  -412.922	   -463.51	   -463.51	   -463.51
230	   -187220	  -344.641	  -470.511	  -470.511	  -470.511
231	   -187415	  -539.734	  -502.854	  -502.854	  -502.854
232	   -187557	  -681.703	  -524.079	  -524.079	  -524.079
233	   -187330	  -455.188	  -518.767	  -518.767	  -518.767
234	   -187252	  -377.156	  -523.448	  -523.448	  -523.448
235	   -187515	  -639.438	  -556.397	  -556.397	  -556.397
236	   -187530	  -654.609	  -589.128	  -589.128	  -589.128
237	   -187422	  -546.234	  -605.114	  -605.114	  -605.114
238	   -187491	  -615.594	  -616.144	  -616.144	  -616.144
239	   -187554	  -678.453	  -628.182	  -628.182	  -628.182
240	   -187468	  -592.828	   -645.02	   -645.02	   -645.02
241	   -187487	  -611.266	  -678.471	  -678.471	  -678.471
242	   -187669	  -793.344	  -721.348	  -721.348	  -721.348
243	   -187687	  -811.766	  -746.763	  -746.763	  -746.763
244	   -187588	  -713.141	   -749.64	   -749.64	   -749.64
245	   -187588	  -713.141	  -751.533	  -751.533	  -751.533
246	   -187659	  -783.578	  -763.557	  -763.557	  -763.557
247	   -187676	  -800.922	  -778.495	  -778.495	  -778.495
248	   -187627	  -752.156	  -794.174	  -794.174	  -794.174
249	   -187691	  -816.094	   -815.41	   -815.41	   -815.41
250	   -187740	  -864.859	   -839.01	   -839.01	   -839.01
251	   -187724	  -848.609	  -857.764	  -857.764	  -857.764
252	   -187761	  -885.453	   -870.44	   -870.44	   -870.44
253	   -187750	  -874.625	  -880.215	  -880.215	  -880.215
254	   -187758	  -882.203	  -892.816	  -892.816	  -892.816
255	   -187779	  -903.891	  -916.301	  -916.301	  -916.301
256	   -187778	  -902.797	  -954.409	  -954.409	  -954.409
257	   -187926	   -1050.2	  -992.601	  -992.601	  -992.601
258	   -187976	  -1101.14	  -1003.79	  -1003.79	  -1003.79
259	   -187831	  -955.906	  -987.659	  -987.659	  -987.659
260	   -187753	  -877.875	  -981.923	  -981.923	  -981.923
261	   -187854	  -978.672	   -1011.4	   -1011.4	   -1011.4
262	   -188031	  -1155.33	  -1052.14	  -1052.14	  -1052.14
263	   -187980	  -1104.39	   -1071.6	   -1071.6	   -1071.6
264	   -187886	  -1011.19	   -1079.1	   -1079.1	   -1079.1
265	   -187911	  -1036.11	  -1102.77	  -1102.77	  -1102.77
266	   -188099	  -1223.61	  -1136.41	  -1136.41	  -1136.41
267	   -188100	  -1224.69	  -1152.61	  -1152.61	  -1152.61
268	   -187929	  -1053.45	  -1157.59	  -1157.59	  -1157.59
269	   -187998	  -1122.81	  -1179.27	  -1179.27	  -1179.27
270	   -188192	  -1316.81	  -1209.51	  -1209.51	  -1209.51
271	   -188151	  -1275.63	  -1218.96	  -1218.96	  -1218.96
272	   -187987	  -1111.97	  -1215.38	  -1215.38	  -1215.38
273	   -188067	  -1192.17	  -1227.68	  -1227.68	  -1227.68
274	   -188207	  -1331.98	  -1252.25	  -1252.25	  -1252.25
275	   -188156	  -1281.05	  -1268.25	  -1268.25	  -1268.25
276	   -188086	  -1210.59	  -1279.96	  -1279.96	  -1279.96
