Data	etched_(Thermal_SiO2)_20sec
Recipe	SINGH
Site Name	
Points	1646
X-Resolution	0.400000
X-Coord	7943.86
Y-Coord	-4734.35
	       Raw	Intermediate	    Normal	 Roughness	  Waviness
1	   -397955	         0	  -2.80652	  -2.80652	  -2.80652
2	   -397988	     -32.5	  -33.7715	  -33.7715	  -33.7715
3	   -398028	  -72.5938	   -64.304	   -64.304	   -64.304
4	   -398041	   -85.625	  -96.2832	  -96.2832	  -96.2832
5	   -398071	  -115.969	  -132.393	  -132.393	  -132.393
6	   -398144	  -188.563	  -169.826	  -169.826	  -169.826
7	   -398182	    -226.5	  -201.904	  -201.904	  -201.904
8	   -398155	  -199.406	  -228.883	  -228.883	  -228.883
9	   -398215	  -260.094	  -255.365	  -255.365	  -255.365
10	   -398263	  -307.781	  -279.988	  -279.988	  -279.988
11	   -398242	  -287.188	  -302.788	  -302.788	  -302.788
12	   -398252	  -296.969	  -332.017	  -332.017	  -332.017
13	   -398321	  -366.313	  -367.307	  -367.307	  -367.307
14	   -398446	  -490.969	  -392.132	  -392.132	  -392.132
15	   -398328	  -372.813	  -405.909	  -405.909	  -405.909
16	   -398239	  -283.938	  -438.112	  -438.112	  -438.112
17	   -398523	  -567.906	  -493.861	  -493.861	  -493.861
18	   -398636	  -680.625	  -529.613	  -529.613	  -529.613
19	   -398457	  -501.781	  -526.175	  -526.175	  -526.175
20	   -398325	  -369.563	  -527.499	  -527.499	  -527.499
21	   -398518	    -562.5	  -566.875	  -566.875	  -566.875
22	   -398703	  -747.813	  -612.911	  -612.911	  -612.911
23	   -398615	  -660.031	    -629.8	    -629.8	    -629.8
24	   -398459	  -503.969	  -638.736	  -638.736	  -638.736
25	   -398600	  -644.844	  -671.854	  -671.854	  -671.854
26	   -398803	  -847.531	   -711.81	   -711.81	   -711.81
27	   -398681	  -726.125	  -730.547	  -730.547	  -730.547
28	   -398604	  -649.188	  -742.695	  -742.695	  -742.695
29	   -398731	      -776	  -771.357	  -771.357	  -771.357
30	   -398829	  -873.531	  -807.651	  -807.651	  -807.651
31	   -398760	   -805.25	  -838.724	  -838.724	  -838.724
32	   -398782	  -826.938	  -869.931	  -869.931	  -869.931
33	   -398931	  -975.406	  -900.862	  -900.862	  -900.862
34	   -398886	  -930.969	   -924.98	   -924.98	   -924.98
35	   -398807	  -851.875	  -952.402	  -952.402	  -952.402
36	   -398996	  -1040.44	   -988.66	   -988.66	   -988.66
37	   -399052	  -1096.81	  -1015.09	  -1015.09	  -1015.09
38	   -398929	  -974.344	  -1026.15	  -1026.15	  -1026.15
39	   -398936	  -980.844	   -1044.3	   -1044.3	   -1044.3
40	   -399064	  -1108.72	  -1077.43	  -1077.43	  -1077.43
41	   -399128	  -1172.66	  -1106.61	  -1106.61	  -1106.61
42	   -399040	  -1084.88	  -1126.57	  -1126.57	  -1126.57
43	   -399036	  -1080.53	  -1155.46	  -1155.46	  -1155.46
44	   -399212	  -1257.19	  -1194.38	  -1194.38	  -1194.38
45	   -399247	  -1291.88	  -1221.49	  -1221.49	  -1221.49
46	   -399125	  -1169.41	  -1237.17	  -1237.17	  -1237.17
47	   -399149	  -1194.34	   -1266.9	   -1266.9	   -1266.9
48	   -399328	  -1373.16	  -1311.57	  -1311.57	  -1311.57
49	   -399373	  -1417.59	  -1343.93	  -1343.93	  -1343.93
50	   -399268	  -1312.47	  -1358.99	  -1358.99	  -1358.99
51	   -399258	  -1302.72	  -1379.42	  -1379.42	  -1379.42
52	   -399444	  -1489.13	  -1407.81	  -1407.81	  -1407.81
53	   -399438	  -1482.63	  -1425.89	  -1425.89	  -1425.89
54	   -399280	  -1324.41	   -1441.6	   -1441.6	   -1441.6
55	   -399397	  -1441.44	  -1476.44	  -1476.44	  -1476.44
56	   -399593	  -1637.63	  -1514.45	  -1514.45	  -1514.45
57	   -399521	  -1566.09	  -1528.53	  -1528.53	  -1528.53
58	   -399374	  -1418.69	  -1539.62	  -1539.62	  -1539.62
59	   -399445	  -1490.22	  -1586.17	  -1586.17	  -1586.17
60	   -399735	  -1779.59	  -1651.36	  -1651.36	  -1651.36
61	   -399757	  -1802.34	  -1683.81	  -1683.81	  -1683.81
62	   -399552	  -1596.44	  -1682.99	  -1682.99	  -1682.99
63	   -399531	  -1575.84	  -1698.36	  -1698.36	  -1698.36
64	   -399750	  -1794.78	  -1743.44	  -1743.44	  -1743.44
65	   -399876	   -1920.5	  -1778.39	  -1778.39	  -1778.39
66	   -399677	  -1722.16	  -1788.16	  -1788.16	  -1788.16
67	   -399634	  -1678.81	  -1808.99	  -1808.99	  -1808.99
68	   -399872	  -1917.25	  -1856.75	  -1856.75	  -1856.75
69	   -399953	  -1997.44	  -1898.63	  -1898.63	  -1898.63
70	   -399843	  -1887.97	  -1917.51	  -1917.51	  -1917.51
71	   -399794	  -1839.19	  -1939.73	  -1939.73	  -1939.73
72	   -399969	  -2013.69	  -1980.68	  -1980.68	  -1980.68
73	   -400064	  -2109.06	   -2019.1	   -2019.1	   -2019.1
74	   -399946	  -1990.94	   -2042.7	   -2042.7	   -2042.7
75	   -399973	  -2018.03	  -2067.22	  -2067.22	  -2067.22
76	   -400116	  -2161.09	   -2098.6	   -2098.6	   -2098.6
77	   -400087	  -2131.84	  -2126.49	  -2126.49	  -2126.49
78	   -400058	  -2102.56	     -2152	     -2152	     -2152
79	   -400152	  -2196.84	  -2180.14	  -2180.14	  -2180.14
80	   -400214	  -2258.63	  -2202.35	  -2202.35	  -2202.35
81	   -400147	  -2191.44	  -2216.76	  -2216.76	  -2216.76
82	   -400127	  -2171.94	  -2241.68	  -2241.68	  -2241.68
83	   -400243	  -2287.91	  -2285.76	  -2285.76	  -2285.76
84	   -400356	  -2400.63	   -2328.2	   -2328.2	   -2328.2
85	   -400334	  -2378.94	  -2349.43	  -2349.43	  -2349.43
86	   -400246	  -2291.16	  -2361.58	  -2361.58	  -2361.58
87	   -400315	  -2359.44	   -2384.9	   -2384.9	   -2384.9
88	   -400453	  -2498.16	  -2415.26	  -2415.26	  -2415.26
89	   -400356	  -2400.63	  -2444.46	  -2444.46	  -2444.46
90	   -400367	  -2411.44	  -2481.25	  -2481.25	  -2481.25
91	   -400556	  -2601.13	  -2520.93	  -2520.93	  -2520.93
92	   -400571	  -2616.28	  -2539.08	  -2539.08	  -2539.08
93	   -400437	  -2481.91	  -2538.79	  -2538.79	  -2538.79
94	   -400409	  -2453.72	  -2555.72	  -2555.72	  -2555.72
95	   -400580	  -2624.97	  -2601.26	  -2601.26	  -2601.26
96	   -400705	  -2749.59	  -2645.25	  -2645.25	  -2645.25
97	   -400590	  -2634.72	  -2668.64	  -2668.64	  -2668.64
98	   -400584	  -2629.28	  -2688.49	  -2688.49	  -2688.49
99	   -400707	  -2751.75	   -2717.7	   -2717.7	   -2717.7
100	   -400734	  -2778.84	  -2745.18	  -2745.18	  -2745.18
101	   -400699	  -2744.19	  -2764.59	  -2764.59	  -2764.59
102	   -400717	  -2761.53	  -2785.78	  -2785.78	  -2785.78
103	   -400779	  -2824.38	  -2815.81	  -2815.81	  -2815.81
104	   -400799	  -2843.88	  -2850.65	  -2850.65	  -2850.65
105	   -400850	  -2894.81	  -2882.47	  -2882.47	  -2882.47
106	   -400894	  -2939.25	  -2906.66	  -2906.66	  -2906.66
107	   -400843	  -2888.31	  -2929.21	  -2929.21	  -2929.21
108	   -400884	  -2928.41	  -2960.61	  -2960.61	  -2960.61
109	   -401004	  -3048.72	  -2996.47	  -2996.47	  -2996.47
110	   -400998	  -3043.31	  -3023.78	  -3023.78	  -3023.78
111	   -400957	  -3002.13	  -3044.85	  -3044.85	  -3044.85
112	   -401024	  -3069.31	  -3070.92	  -3070.92	  -3070.92
113	   -401075	  -3120.25	  -3101.79	  -3101.79	  -3101.79
114	   -401083	  -3127.84	   -3130.7	   -3130.7	   -3130.7
115	   -401111	  -3156.03	  -3156.54	  -3156.54	  -3156.54
116	   -401139	  -3184.19	  -3182.12	  -3182.12	  -3182.12
117	   -401154	  -3199.38	  -3210.11	  -3210.11	  -3210.11
118	   -401192	  -3237.31	  -3241.47	  -3241.47	  -3241.47
119	   -401239	  -3283.91	  -3273.01	  -3273.01	  -3273.01
120	   -401269	  -3314.25	  -3299.68	  -3299.68	  -3299.68
121	   -401266	     -3311	  -3319.81	  -3319.81	  -3319.81
122	   -401305	  -3350.03	  -3334.76	  -3334.76	  -3334.76
123	   -401311	  -3355.44	  -3349.65	  -3349.65	  -3349.65
124	   -401266	     -3311	  -3378.09	  -3378.09	  -3378.09
125	   -401345	  -3390.13	  -3427.03	  -3427.03	  -3427.03
126	   -401541	  -3586.28	  -3474.61	  -3474.61	  -3474.61
127	   -401492	  -3536.44	  -3495.89	  -3495.89	  -3495.89
128	   -401366	  -3410.72	  -3506.08	  -3506.08	  -3506.08
129	   -401438	  -3483.31	  -3535.25	  -3535.25	  -3535.25
130	   -401626	  -3670.81	  -3574.52	  -3574.52	  -3574.52
131	   -401608	  -3652.41	  -3596.73	  -3596.73	  -3596.73
132	   -401448	  -3493.09	  -3611.85	  -3611.85	  -3611.85
133	   -401570	  -3614.47	  -3646.11	  -3646.11	  -3646.11
134	   -401744	  -3788.97	  -3685.78	  -3685.78	  -3685.78
135	   -401716	  -3760.78	  -3701.31	  -3701.31	  -3701.31
136	   -401561	  -3605.78	   -3709.2	   -3709.2	   -3709.2
137	   -401574	  -3618.81	  -3749.81	  -3749.81	  -3749.81
138	   -401915	  -3960.19	  -3813.61	  -3813.61	  -3813.61
139	   -401904	  -3949.38	  -3856.75	  -3856.75	  -3856.75
140	   -401676	  -3720.69	  -3880.08	  -3880.08	  -3880.08
141	   -401875	  -3920.09	  -3909.98	  -3909.98	  -3909.98
142	   -402051	  -4095.69	  -3933.52	  -3933.52	  -3933.52
143	   -401829	   -3873.5	     -3939	     -3939	     -3939
144	   -401757	  -3801.97	  -3960.37	  -3960.37	  -3960.37
145	   -402032	  -4077.25	  -4011.72	  -4011.72	  -4011.72
146	   -402160	  -4205.13	  -4052.53	  -4052.53	  -4052.53
147	   -401947	  -3991.63	  -4064.02	  -4064.02	  -4064.02
148	   -401919	  -3963.44	  -4079.26	  -4079.26	  -4079.26
149	   -402159	  -4204.06	  -4110.98	  -4110.98	  -4110.98
150	   -402171	  -4215.97	  -4133.83	  -4133.83	  -4133.83
151	   -401986	  -4030.66	   -4150.4	   -4150.4	   -4150.4
152	   -402057	  -4102.19	  -4188.81	  -4188.81	  -4188.81
153	   -402362	  -4406.72	  -4235.62	  -4235.62	  -4235.62
154	   -402249	     -4294	   -4257.6	   -4257.6	   -4257.6
155	   -402062	   -4106.5	  -4271.29	  -4271.29	  -4271.29
156	   -402276	  -4321.09	  -4307.44	  -4307.44	  -4307.44
157	   -402423	  -4467.41	  -4349.25	  -4349.25	  -4349.25
158	   -402297	  -4341.69	  -4373.89	  -4373.89	  -4373.89
159	   -402273	  -4317.84	   -4397.3	   -4397.3	   -4397.3
160	   -402420	  -4465.25	  -4433.55	  -4433.55	  -4433.55
161	   -402488	  -4532.44	  -4466.95	  -4466.95	  -4466.95
162	   -402415	  -4459.84	  -4489.84	  -4489.84	  -4489.84
163	   -402400	  -4444.66	  -4520.64	  -4520.64	  -4520.64
164	   -402553	  -4597.47	  -4565.62	  -4565.62	  -4565.62
165	   -402635	  -4679.84	  -4601.96	  -4601.96	  -4601.96
166	   -402563	  -4608.31	  -4615.64	  -4615.64	  -4615.64
167	   -402531	  -4575.81	  -4624.28	  -4624.28	  -4624.28
168	   -402581	  -4625.66	  -4647.35	  -4647.35	  -4647.35
169	   -402662	  -4706.94	  -4672.06	  -4672.06	  -4672.06
170	   -402711	  -4755.72	  -4651.19	  -4651.19	  -4651.19
171	   -402697	  -4741.63	  -4529.91	  -4529.91	  -4529.91
172	   -402330	  -4375.28	  -4293.71	  -4293.71	  -4293.71
173	   -401870	  -3914.69	  -3994.19	  -3994.19	  -3994.19
174	   -401596	  -3640.47	  -3708.65	  -3708.65	  -3708.65
175	   -401361	  -3406.38	  -3487.49	  -3487.49	  -3487.49
176	   -401195	  -3239.47	  -3348.83	  -3348.83	  -3348.83
177	   -401175	  -3219.97	  -3285.31	  -3285.31	  -3285.31
178	   -401266	     -3311	  -3261.27	  -3261.27	  -3261.27
179	   -401254	  -3299.09	  -3237.88	  -3237.88	  -3237.88
180	   -401074	  -3119.16	  -3213.49	  -3213.49	  -3213.49
181	   -401111	  -3156.03	  -3209.36	  -3209.36	  -3209.36
182	   -401261	  -3305.59	  -3221.11	  -3221.11	  -3221.11
183	   -401186	  -3230.81	  -3228.09	  -3228.09	  -3228.09
184	   -401121	  -3165.78	  -3231.81	  -3231.81	  -3231.81
185	   -401230	  -3275.25	   -3242.9	   -3242.9	   -3242.9
186	   -401225	  -3269.81	  -3259.77	  -3259.77	  -3259.77
187	   -401185	  -3229.72	  -3281.95	  -3281.95	  -3281.95
188	   -401277	  -3321.84	  -3309.93	  -3309.93	  -3309.93
189	   -401351	  -3395.53	   -3333.7	   -3333.7	   -3333.7
190	   -401273	   -3317.5	  -3352.71	  -3352.71	  -3352.71
191	   -401254	  -3299.09	  -3387.41	  -3387.41	  -3387.41
192	   -401427	  -3471.41	  -3447.19	  -3447.19	  -3447.19
193	   -401519	  -3563.53	  -3523.37	  -3523.37	  -3523.37
194	   -401488	  -3533.19	  -3640.01	  -3640.01	  -3640.01
195	   -401473	     -3518	  -3855.73	  -3855.73	  -3855.73
196	   -402191	  -4235.47	  -4152.79	  -4152.79	  -4152.79
197	   -402809	  -4854.34	  -4385.89	  -4385.89	  -4385.89
198	   -402549	  -4594.22	  -4436.06	  -4436.06	  -4436.06
199	   -402166	  -4210.56	  -4345.97	  -4345.97	  -4345.97
200	   -402173	  -4218.16	  -4226.45	  -4226.45	  -4226.45
201	   -402106	  -4150.94	  -4125.66	  -4125.66	  -4125.66
202	   -401951	  -3995.97	  -4044.89	  -4044.89	  -4044.89
203	   -401894	  -3938.53	  -3990.23	  -3990.23	  -3990.23
204	   -401903	  -3948.28	  -3963.09	  -3963.09	  -3963.09
205	   -401945	  -3989.47	   -3945.7	   -3945.7	   -3945.7
206	   -401898	  -3942.84	  -3923.68	  -3923.68	  -3923.68
207	   -401774	  -3819.31	  -3907.91	  -3907.91	  -3907.91
208	   -401854	  -3898.44	  -3912.16	  -3912.16	  -3912.16
209	   -401956	  -4001.38	  -3925.28	  -3925.28	  -3925.28
210	   -401858	  -3902.75	  -3934.24	  -3934.24	  -3934.24
211	   -401847	  -3891.91	  -3948.38	  -3948.38	  -3948.38
212	   -401964	  -4008.97	  -3975.81	  -3975.81	  -3975.81
213	   -401961	  -4005.72	  -4007.92	  -4007.92	  -4007.92
214	   -401991	  -4036.06	  -4036.41	  -4036.41	  -4036.41
215	   -402033	  -4078.34	  -4061.65	  -4061.65	  -4061.65
216	   -402014	  -4058.81	  -4089.77	  -4089.77	  -4089.77
217	   -402071	  -4116.28	  -4129.63	  -4129.63	  -4129.63
218	   -402118	  -4162.88	  -4187.76	  -4187.76	  -4187.76
219	   -402221	  -4265.84	  -4275.72	  -4275.72	  -4275.72
220	   -402231	  -4275.59	   -4423.7	   -4423.7	   -4423.7
221	   -402426	  -4470.66	  -4649.99	  -4649.99	  -4649.99
222	   -403094	  -5139.38	  -4892.21	  -4892.21	  -4892.21
223	   -403274	  -5319.28	  -5031.04	  -5031.04	  -5031.04
224	   -403008	  -5052.66	  -5017.23	  -5017.23	  -5017.23
225	   -402858	  -4903.09	  -4911.59	  -4911.59	  -4911.59
226	   -402666	  -4711.28	  -4800.37	  -4800.37	  -4800.37
227	   -402641	  -4686.34	  -4724.81	  -4724.81	  -4724.81
228	   -402661	  -4705.84	  -4676.72	  -4676.72	  -4676.72
229	   -402613	  -4658.16	  -4635.26	  -4635.26	  -4635.26
230	   -402491	  -4535.69	  -4602.89	  -4602.89	  -4602.89
231	   -402491	  -4535.69	  -4594.06	  -4594.06	  -4594.06
232	   -402628	  -4673.34	  -4599.73	  -4599.73	  -4599.73
233	   -402587	  -4632.16	  -4598.97	  -4598.97	  -4598.97
234	   -402460	  -4505.34	   -4599.2	   -4599.2	   -4599.2
235	   -402541	  -4585.56	  -4621.57	  -4621.57	  -4621.57
236	   -402678	  -4723.19	  -4657.84	  -4657.84	  -4657.84
237	   -402675	  -4719.94	  -4684.78	  -4684.78	  -4684.78
238	   -402589	  -4634.31	  -4704.75	  -4704.75	  -4704.75
239	   -402674	  -4718.84	  -4731.78	  -4731.78	  -4731.78
240	   -402798	  -4842.41	  -4757.43	  -4757.43	  -4757.43
241	   -402721	  -4765.47	  -4771.24	  -4771.24	  -4771.24
242	   -402658	  -4702.59	  -4793.58	  -4793.58	  -4793.58
243	   -402753	  -4797.97	  -4851.33	  -4851.33	  -4851.33
244	   -402960	  -5004.97	  -4951.63	  -4951.63	  -4951.63
245	   -402911	  -4956.22	  -5115.06	  -5115.06	  -5115.06
246	   -403023	  -5067.84	  -5370.27	  -5370.27	  -5370.27
247	   -403942	  -5986.91	  -5651.43	  -5651.43	  -5651.43
248	   -404154	  -6199.34	   -5803.5	   -5803.5	   -5803.5
249	   -403759	  -5803.75	   -5764.9	   -5764.9	   -5764.9
250	   -403430	  -5475.34	   -5633.4	   -5633.4	   -5633.4
251	   -403426	  -5471.03	  -5520.07	  -5520.07	  -5520.07
252	   -403465	  -5510.03	  -5442.96	  -5442.96	  -5442.96
253	   -403316	  -5360.47	  -5378.92	  -5378.92	  -5378.92
254	   -403204	  -5248.84	  -5332.01	  -5332.01	  -5332.01
255	   -403240	  -5284.59	  -5314.12	  -5314.12	  -5314.12
256	   -403337	  -5382.16	  -5308.29	  -5308.29	  -5308.29
257	   -403275	  -5320.38	  -5294.14	  -5294.14	  -5294.14
258	   -403122	  -5166.47	  -5285.75	  -5285.75	  -5285.75
259	   -403240	  -5284.59	  -5303.92	  -5303.92	  -5303.92
260	   -403380	  -5424.41	  -5333.51	  -5333.51	  -5333.51
261	   -403306	  -5350.72	  -5350.57	  -5350.57	  -5350.57
262	   -403256	  -5300.88	  -5362.25	  -5362.25	  -5362.25
263	   -403341	  -5385.41	  -5383.75	  -5383.75	  -5383.75
264	   -403410	  -5454.75	  -5408.69	  -5408.69	  -5408.69
265	   -403381	   -5425.5	  -5429.84	  -5429.84	  -5429.84
266	   -403332	  -5376.72	  -5459.33	  -5459.33	  -5459.33
267	   -403480	  -5525.22	  -5503.79	  -5503.79	  -5503.79
268	   -403581	     -5626	  -5552.28	  -5552.28	  -5552.28
269	   -403479	  -5524.13	  -5623.04	  -5623.04	  -5623.04
270	   -403469	  -5514.38	  -5780.35	  -5780.35	  -5780.35
271	   -403890	  -5934.88	  -6042.97	  -6042.97	  -6042.97
272	   -404641	  -6685.97	  -6307.04	  -6307.04	  -6307.04
273	   -404607	  -6652.34	  -6442.48	  -6442.48	  -6442.48
274	   -404307	  -6352.16	  -6433.39	  -6433.39	  -6433.39
275	   -404409	  -6454.03	  -6343.16	  -6343.16	  -6343.16
276	   -404204	  -6249.19	  -6221.48	  -6221.48	  -6221.48
277	   -403913	  -5957.66	  -6112.66	  -6112.66	  -6112.66
278	   -403927	  -5971.72	  -6053.62	  -6053.62	  -6053.62
279	   -404093	  -6137.56	  -6027.37	  -6027.37	  -6027.37
280	   -404006	  -6050.84	  -5994.82	  -5994.82	  -5994.82
281	   -403760	  -5804.81	  -5965.91	  -5965.91	  -5965.91
282	   -403869	  -5914.28	   -5969.2	   -5969.2	   -5969.2
283	   -404122	  -6166.81	  -5981.81	  -5981.81	  -5981.81
284	   -403923	  -5967.41	  -5971.61	  -5971.61	  -5971.61
285	   -403746	  -5790.75	  -5967.37	  -5967.37	  -5967.37
286	   -403937	   -5981.5	  -6005.42	  -6005.42	  -6005.42
287	   -404148	  -6192.81	  -6057.56	  -6057.56	  -6057.56
288	   -404089	  -6134.31	  -6081.29	  -6081.29	  -6081.29
289	   -403910	  -5954.41	  -6092.37	  -6092.37	  -6092.37
290	   -404047	  -6092.03	  -6126.32	  -6126.32	  -6126.32
291	   -404239	  -6283.88	  -6169.38	  -6169.38	  -6169.38
292	   -404195	  -6239.44	  -6189.38	  -6189.38	  -6189.38
293	   -404044	  -6088.78	  -6205.69	  -6205.69	  -6205.69
294	   -404121	  -6165.72	  -6278.62	  -6278.62	  -6278.62
295	   -404290	  -6334.81	  -6448.06	  -6448.06	  -6448.06
296	   -404563	  -6607.94	  -6696.41	  -6696.41	  -6696.41
297	   -405119	  -7163.91	  -6943.32	  -6943.32	  -6943.32
298	   -405250	  -7295.06	  -7094.85	  -7094.85	  -7094.85
299	   -405082	  -7127.06	  -7121.26	  -7121.26	  -7121.26
300	   -405113	  -7157.41	  -7057.43	  -7057.43	  -7057.43
301	   -404893	  -6937.41	  -6953.66	  -6953.66	  -6953.66
302	   -404694	  -6739.06	  -6857.85	  -6857.85	  -6857.85
303	   -404757	  -6801.94	  -6794.52	  -6794.52	  -6794.52
304	   -404754	  -6798.66	  -6752.35	  -6752.35	  -6752.35
305	   -404611	  -6655.63	  -6720.07	  -6720.07	  -6720.07
306	   -404625	  -6669.69	  -6703.84	  -6703.84	  -6703.84
307	   -404700	  -6744.47	   -6701.6	   -6701.6	   -6701.6
308	   -404652	  -6696.78	  -6703.15	  -6703.15	  -6703.15
309	   -404617	  -6662.13	  -6711.42	  -6711.42	  -6711.42
310	   -404686	  -6730.41	  -6731.58	  -6731.58	  -6731.58
311	   -404757	  -6801.94	  -6754.61	  -6754.61	  -6754.61
312	   -404713	   -6757.5	  -6774.88	  -6774.88	  -6774.88
313	   -404693	  -6737.97	   -6803.1	   -6803.1	   -6803.1
314	   -404824	  -6869.13	  -6841.18	  -6841.18	  -6841.18
315	   -404909	  -6953.66	  -6871.03	  -6871.03	  -6871.03
316	   -404792	  -6836.59	  -6888.76	  -6888.76	  -6888.76
317	   -404799	  -6844.19	   -6915.7	   -6915.7	   -6915.7
318	   -404969	  -7014.34	  -6963.05	  -6963.05	  -6963.05
319	   -404973	  -7017.59	  -7035.55	  -7035.55	  -7035.55
320	   -404929	  -6974.25	  -7172.37	  -7172.37	  -7172.37
321	   -405144	  -7188.84	  -7408.42	  -7408.42	  -7408.42
322	   -405908	  -7952.91	  -7677.39	  -7677.39	  -7677.39
323	   -406118	  -8163.19	  -7842.62	  -7842.62	  -7842.62
324	   -405801	  -7845.63	  -7850.37	  -7850.37	  -7850.37
325	   -405700	  -7744.84	  -7763.28	  -7763.28	  -7763.28
326	   -405640	  -7685.22	  -7655.36	  -7655.36	  -7655.36
327	   -405450	  -7494.47	  -7564.55	  -7564.55	  -7564.55
328	   -405372	  -7416.44	  -7509.35	  -7509.35	  -7509.35
329	   -405509	  -7554.09	   -7480.9	   -7480.9	   -7480.9
330	   -405445	  -7490.13	  -7453.48	  -7453.48	  -7453.48
331	   -405295	   -7339.5	   -7428.4	   -7428.4	   -7428.4
332	   -405336	  -7380.66	  -7427.06	  -7427.06	  -7427.06
333	   -405450	  -7494.47	  -7445.35	  -7445.35	  -7445.35
334	   -405448	  -7493.38	  -7457.82	  -7457.82	  -7457.82
335	   -405388	  -7432.69	  -7455.24	  -7455.24	  -7455.24
336	   -405413	  -7457.63	  -7449.76	  -7449.76	  -7449.76
337	   -405376	  -7420.78	  -7459.33	  -7459.33	  -7459.33
338	   -405372	  -7416.44	  -7495.62	  -7495.62	  -7495.62
339	   -405562	  -7607.19	  -7544.72	  -7544.72	  -7544.72
340	   -405636	  -7680.88	  -7572.85	  -7572.85	  -7572.85
341	   -405479	  -7523.72	  -7575.82	  -7575.82	  -7575.82
342	   -405441	  -7485.81	  -7591.65	  -7591.65	  -7591.65
343	   -405602	  -7647.28	  -7650.61	  -7650.61	  -7650.61
344	   -405709	   -7753.5	   -7762.5	   -7762.5	   -7762.5
345	   -405667	  -7712.31	  -7952.18	  -7952.18	  -7952.18
346	   -406072	  -8116.56	  -8222.21	  -8222.21	  -8222.21
347	   -406810	  -8854.63	  -8474.35	  -8474.35	  -8474.35
348	   -406792	  -8837.31	  -8575.83	  -8575.83	  -8575.83
349	   -406469	  -8514.31	   -8510.8	   -8510.8	   -8510.8
350	   -406241	  -8285.66	  -8380.79	  -8380.79	  -8380.79
351	   -406158	  -8203.28	  -8281.56	  -8281.56	  -8281.56
352	   -406152	  -8196.78	  -8234.72	  -8234.72	  -8234.72
353	   -406231	  -8275.88	  -8206.92	  -8206.92	  -8206.92
354	   -406183	  -8228.22	  -8165.72	  -8165.72	  -8165.72
355	   -405962	  -8007.09	  -8123.17	  -8123.17	  -8123.17
356	   -405993	  -8037.47	  -8112.17	  -8112.17	  -8112.17
357	   -406156	  -8201.09	  -8127.77	  -8127.77	  -8127.77
358	   -406152	  -8196.78	  -8137.23	  -8137.23	  -8137.23
359	   -406014	  -8059.13	  -8137.89	  -8137.89	  -8137.89
360	   -406053	  -8098.16	  -8152.08	  -8152.08	  -8152.08
361	   -406215	  -8259.63	   -8176.7	   -8176.7	   -8176.7
362	   -406176	  -8220.63	  -8191.07	  -8191.07	  -8191.07
363	   -406080	  -8125.25	  -8202.68	  -8202.68	  -8202.68
364	   -406136	  -8180.53	  -8234.84	  -8234.84	  -8234.84
365	   -406304	   -8348.5	  -8279.42	  -8279.42	  -8279.42
366	   -406333	  -8377.78	  -8307.08	  -8307.08	  -8307.08
367	   -406224	  -8269.38	  -8321.78	  -8321.78	  -8321.78
368	   -406183	  -8228.22	  -8366.72	  -8366.72	  -8366.72
369	   -406422	  -8466.63	  -8475.89	  -8475.89	  -8475.89
370	   -406541	  -8585.84	  -8658.54	  -8658.54	  -8658.54
371	   -406668	  -8712.66	  -8910.23	  -8910.23	  -8910.23
372	   -407332	  -9377.03	  -9172.44	  -9172.44	  -9172.44
373	   -407618	  -9663.16	  -9327.23	  -9327.23	  -9327.23
374	   -407374	  -9419.31	  -9311.91	  -9311.91	  -9311.91
375	   -407079	  -9123.44	  -9191.55	  -9191.55	  -9191.55
376	   -406874	  -8918.59	  -9077.29	  -9077.29	  -9077.29
377	   -406987	  -9032.38	  -9013.88	  -9013.88	  -9013.88
378	   -407005	  -9049.72	  -8971.51	  -8971.51	  -8971.51
379	   -406851	  -8895.81	  -8921.85	  -8921.85	  -8921.85
380	   -406766	  -8811.28	   -8875.1	   -8875.1	   -8875.1
381	   -406826	  -8870.91	  -8846.11	  -8846.11	  -8846.11
382	   -406772	  -8816.72	  -8835.03	  -8835.03	  -8835.03
383	   -406733	  -8777.69	  -8841.46	  -8841.46	  -8841.46
384	   -406854	  -8899.06	   -8858.5	   -8858.5	   -8858.5
385	   -406883	  -8928.34	  -8868.67	  -8868.67	  -8868.67
386	   -406769	  -8813.47	  -8871.83	  -8871.83	  -8871.83
387	   -406787	  -8831.88	  -8887.17	  -8887.17	  -8887.17
388	   -406918	  -8963.03	   -8916.1	   -8916.1	   -8916.1
389	   -406944	  -8989.03	  -8941.74	  -8941.74	  -8941.74
390	   -406841	  -8886.06	  -8966.25	  -8966.25	  -8966.25
391	   -406924	  -8968.44	  -9004.57	  -9004.57	  -9004.57
392	   -407095	  -9139.69	  -9045.62	  -9045.62	  -9045.62
393	   -407058	  -9102.84	  -9069.48	  -9069.48	  -9069.48
394	   -406953	  -8997.69	  -9099.17	  -9099.17	  -9099.17
395	   -407005	  -9049.72	  -9194.89	  -9194.89	  -9194.89
396	   -407221	  -9265.41	  -9395.14	  -9395.14	  -9395.14
397	   -407590	  -9634.97	  -9667.49	  -9667.49	  -9667.49
398	   -408158	  -10202.9	  -9908.73	  -9908.73	  -9908.73
399	   -408153	  -10197.5	  -10018.9	  -10018.9	  -10018.9
400	   -407995	  -10040.3	  -9985.45	  -9985.45	  -9985.45
401	   -407830	   -9874.5	  -9874.07	  -9874.07	  -9874.07
402	   -407625	  -9669.66	  -9761.91	  -9761.91	  -9761.91
403	   -407564	  -9608.97	  -9691.17	  -9691.17	  -9691.17
404	   -407674	  -9718.44	   -9651.9	   -9651.9	   -9651.9
405	   -407612	  -9656.66	  -9610.88	  -9610.88	  -9610.88
406	   -407455	   -9499.5	  -9562.05	  -9562.05	  -9562.05
407	   -407456	  -9500.59	  -9525.68	  -9525.68	  -9525.68
408	   -407459	  -9503.84	  -9512.46	  -9512.46	  -9512.46
409	   -407458	  -9502.75	  -9517.96	  -9517.96	  -9517.96
410	   -407478	  -9523.34	  -9536.85	  -9536.85	  -9536.85
411	   -407514	  -9559.13	  -9564.06	  -9564.06	  -9564.06
412	   -407568	  -9613.31	  -9590.31	  -9590.31	  -9590.31
413	   -407585	  -9629.56	  -9608.85	  -9608.85	  -9608.85
414	   -407550	  -9594.88	  -9627.56	  -9627.56	  -9627.56
415	   -407561	  -9605.72	  -9662.68	  -9662.68	  -9662.68
416	   -407684	  -9729.28	  -9712.04	  -9712.04	  -9712.04
417	   -407799	  -9844.16	  -9751.04	  -9751.04	  -9751.04
418	   -407713	  -9757.44	  -9773.78	  -9773.78	  -9773.78
419	   -407635	  -9679.41	  -9821.47	  -9821.47	  -9821.47
420	   -407810	     -9855	  -9949.49	  -9949.49	  -9949.49
421	   -407985	  -10029.5	  -10175.2	  -10175.2	  -10175.2
422	   -408463	  -10507.4	  -10448.7	  -10448.7	  -10448.7
423	   -408898	  -10943.1	  -10664.2	  -10664.2	  -10664.2
424	   -408853	  -10897.6	  -10734.2	  -10734.2	  -10734.2
425	   -408705	  -10750.2	  -10663.6	  -10663.6	  -10663.6
426	   -408386	  -10430.5	  -10534.7	  -10534.7	  -10534.7
427	   -408272	  -10316.7	  -10430.5	  -10430.5	  -10430.5
428	   -408373	  -10417.5	  -10372.9	  -10372.9	  -10372.9
429	   -408297	  -10341.6	  -10336.7	  -10336.7	  -10336.7
430	   -408226	  -10271.2	  -10303.7	  -10303.7	  -10303.7
431	   -408251	  -10296.1	  -10272.6	  -10272.6	  -10272.6
432	   -408199	  -10244.1	  -10246.1	  -10246.1	  -10246.1
433	   -408124	  -10169.3	  -10233.5	  -10233.5	  -10233.5
434	   -408186	  -10231.1	  -10242.3	  -10242.3	  -10242.3
435	   -408247	  -10291.8	  -10263.4	  -10263.4	  -10263.4
436	   -408247	  -10291.8	  -10283.8	  -10283.8	  -10283.8
437	   -408223	  -10267.9	  -10306.2	  -10306.2	  -10306.2
438	   -408276	    -10321	  -10337.5	  -10337.5	  -10337.5
439	   -408375	  -10419.7	  -10369.3	  -10369.3	  -10369.3
440	   -408363	  -10407.7	  -10388.8	  -10388.8	  -10388.8
441	   -408328	    -10373	  -10402.5	  -10402.5	  -10402.5
442	   -408332	  -10377.4	  -10430.4	  -10430.4	  -10430.4
443	   -408431	    -10476	  -10477.3	  -10477.3	  -10477.3
444	   -408554	  -10598.5	  -10534.8	  -10534.8	  -10534.8
445	   -408474	  -10519.3	  -10626.9	  -10626.9	  -10626.9
446	   -408447	  -10492.3	  -10813.4	  -10813.4	  -10813.4
447	   -409092	  -11137.1	  -11088.2	  -11088.2	  -11088.2
448	   -409679	  -11723.5	  -11325.6	  -11325.6	  -11325.6
449	   -409498	  -11542.5	    -11412	    -11412	    -11412
450	   -409260	  -11305.1	  -11366.1	  -11366.1	  -11366.1
451	   -409256	  -11300.8	  -11267.9	  -11267.9	  -11267.9
452	   -409141	  -11185.9	  -11162.1	  -11162.1	  -11162.1
453	   -408939	  -10984.3	  -11071.7	  -11071.7	  -11071.7
454	   -408901	  -10946.4	  -11018.5	  -11018.5	  -11018.5
455	   -408987	    -11032	  -10997.5	  -10997.5	  -10997.5
456	   -408975	  -11020.1	    -10980	    -10980	    -10980
457	   -408910	    -10955	  -10955.6	  -10955.6	  -10955.6
458	   -408788	  -10832.6	  -10945.4	  -10945.4	  -10945.4
459	   -408921	  -10965.9	  -10960.1	  -10960.1	  -10960.1
460	   -409056	  -11101.3	  -10977.5	  -10977.5	  -10977.5
461	   -408854	  -10898.7	  -10985.8	  -10985.8	  -10985.8
462	   -408888	  -10933.4	  -11003.9	  -11003.9	  -11003.9
463	   -409078	    -11123	  -11033.1	  -11033.1	  -11033.1
464	   -409051	  -11095.9	  -11053.3	  -11053.3	  -11053.3
465	   -408914	  -10959.4	    -11071	    -11071	    -11071
466	   -409035	  -11079.7	    -11103	    -11103	    -11103
467	   -409249	  -11294.3	    -11132	    -11132	    -11132
468	   -409051	  -11095.9	  -11147.4	  -11147.4	  -11147.4
469	   -408950	  -10995.2	  -11195.6	  -11195.6	  -11195.6
470	   -409249	  -11294.3	  -11328.2	  -11328.2	  -11328.2
471	   -409422	  -11466.6	  -11544.8	  -11544.8	  -11544.8
472	   -409722	  -11766.8	  -11799.8	  -11799.8	  -11799.8
473	   -410224	  -12268.6	  -12009.6	  -12009.6	  -12009.6
474	   -410241	  -12285.9	  -12089.5	  -12089.5	  -12089.5
475	   -410072	  -12116.9	  -12029.6	  -12029.6	  -12029.6
476	   -409752	  -11797.2	  -11908.1	  -11908.1	  -11908.1
477	   -409636	  -11681.2	  -11811.2	  -11811.2	  -11811.2
478	   -409791	  -11836.2	  -11754.5	  -11754.5	  -11754.5
479	   -409725	  -11770.1	  -11703.9	  -11703.9	  -11703.9
480	   -409485	  -11529.5	  -11655.3	  -11655.3	  -11655.3
481	   -409540	  -11584.7	  -11631.5	  -11631.5	  -11631.5
482	   -409684	  -11728.9	  -11624.9	  -11624.9	  -11624.9
483	   -409554	  -11598.8	  -11613.9	  -11613.9	  -11613.9
484	   -409478	    -11523	  -11608.4	  -11608.4	  -11608.4
485	   -409575	  -11619.4	    -11625	    -11625	    -11625
486	   -409660	    -11705	    -11652	    -11652	    -11652
487	   -409632	  -11676.8	  -11672.8	  -11672.8	  -11672.8
488	   -409591	  -11635.7	  -11695.2	  -11695.2	  -11695.2
489	   -409673	    -11718	  -11729.6	  -11729.6	  -11729.6
490	   -409797	  -11841.6	  -11763.8	  -11763.8	  -11763.8
491	   -409734	  -11778.7	    -11786	    -11786	    -11786
492	   -409697	  -11741.9	  -11810.5	  -11810.5	  -11810.5
493	   -409797	  -11841.6	  -11857.4	  -11857.4	  -11857.4
494	   -409908	  -11953.2	  -11936.4	  -11936.4	  -11936.4
495	   -409879	    -11924	    -12076	    -12076	    -12076
496	   -410005	  -12049.7	  -12309.1	  -12309.1	  -12309.1
497	   -410760	  -12805.1	  -12581.5	  -12581.5	  -12581.5
498	   -411107	  -13151.9	  -12752.6	  -12752.6	  -12752.6
499	   -410732	  -12776.9	  -12752.1	  -12752.1	  -12752.1
500	   -410535	  -12579.7	  -12650.6	  -12650.6	  -12650.6
501	   -410450	  -12495.1	  -12545.9	  -12545.9	  -12545.9
502	   -410432	  -12476.7	  -12469.7	  -12469.7	  -12469.7
503	   -410381	  -12425.8	  -12411.1	  -12411.1	  -12411.1
504	   -410263	  -12307.6	  -12367.3	  -12367.3	  -12367.3
505	   -410262	  -12306.5	  -12344.2	  -12344.2	  -12344.2
506	   -410348	  -12393.3	  -12330.5	  -12330.5	  -12330.5
507	   -410291	  -12335.8	  -12309.8	  -12309.8	  -12309.8
508	   -410162	  -12206.8	  -12292.8	  -12292.8	  -12292.8
509	   -410205	  -12250.2	    -12302	    -12302	    -12302
510	   -410343	  -12387.8	  -12328.9	  -12328.9	  -12328.9
511	   -410359	  -12404.1	  -12344.8	  -12344.8	  -12344.8
512	   -410249	  -12293.5	  -12347.3	  -12347.3	  -12347.3
513	   -410266	  -12310.9	  -12359.2	  -12359.2	  -12359.2
514	   -410369	  -12413.8	  -12389.1	  -12389.1	  -12389.1
515	   -410391	  -12435.5	  -12425.4	  -12425.4	  -12425.4
516	   -410392	  -12436.6	  -12459.3	  -12459.3	  -12459.3
517	   -410477	  -12522.2	  -12490.1	  -12490.1	  -12490.1
518	   -410469	  -12513.6	  -12523.9	  -12523.9	  -12523.9
519	   -410456	  -12500.5	    -12587	    -12587	    -12587
520	   -410567	  -12612.2	    -12726	    -12726	    -12726
521	   -410688	  -12732.5	  -12966.4	  -12966.4	  -12966.4
522	   -411390	  -13434.8	  -13247.5	  -13247.5	  -13247.5
523	   -411753	  -13797.8	  -13434.4	  -13434.4	  -13434.4
524	   -411502	  -13546.4	  -13450.6	  -13450.6	  -13450.6
525	   -411241	  -13286.3	  -13350.8	  -13350.8	  -13350.8
526	   -411141	  -13185.5	  -13231.8	  -13231.8	  -13231.8
527	   -411086	  -13131.3	    -13140	    -13140	    -13140
528	   -411005	    -13050	  -13078.9	  -13078.9	  -13078.9
529	   -410943	  -12988.3	  -13043.9	  -13043.9	  -13043.9
530	   -411020	  -13065.2	  -13022.1	  -13022.1	  -13022.1
531	   -410998	  -13042.4	  -12995.7	  -12995.7	  -12995.7
532	   -410856	  -12900.5	    -12969	    -12969	    -12969
533	   -410854	  -12899.4	  -12965.3	  -12965.3	  -12965.3
534	   -410968	  -13013.2	  -12987.5	  -12987.5	  -12987.5
535	   -411009	  -13054.4	  -13012.7	  -13012.7	  -13012.7
536	   -410976	  -13020.8	  -13027.3	  -13027.3	  -13027.3
537	   -410957	  -13002.3	  -13040.4	  -13040.4	  -13040.4
538	   -411033	  -13078.2	  -13063.2	  -13063.2	  -13063.2
539	   -411029	  -13073.9	  -13097.2	  -13097.2	  -13097.2
540	   -411075	  -13119.4	  -13138.4	  -13138.4	  -13138.4
541	   -411193	  -13237.5	  -13175.6	  -13175.6	  -13175.6
542	   -411162	  -13207.2	  -13201.1	  -13201.1	  -13201.1
543	   -411122	  -13167.1	  -13230.5	  -13230.5	  -13230.5
544	   -411208	  -13252.7	  -13297.5	  -13297.5	  -13297.5
545	   -411274	  -13318.8	  -13439.7	  -13439.7	  -13439.7
546	   -411423	  -13468.4	  -13673.4	  -13673.4	  -13673.4
547	   -412080	  -14125.2	  -13941.1	  -13941.1	  -13941.1
548	   -412399	  -14443.8	  -14122.9	  -14122.9	  -14122.9
549	   -412152	  -14196.7	  -14152.3	  -14152.3	  -14152.3
550	   -412049	  -14093.7	  -14068.9	  -14068.9	  -14068.9
551	   -411907	  -13951.8	  -13947.6	  -13947.6	  -13947.6
552	   -411687	  -13731.8	  -13845.6	  -13845.6	  -13845.6
553	   -411691	  -13736.1	  -13790.1	  -13790.1	  -13790.1
554	   -411765	  -13809.8	  -13768.2	  -13768.2	  -13768.2
555	   -411728	  -13772.9	  -13745.8	  -13745.8	  -13745.8
556	   -411687	  -13731.8	    -13708	    -13708	    -13708
557	   -411572	  -13616.8	  -13672.6	  -13672.6	  -13672.6
558	   -411533	  -13577.8	  -13666.5	  -13666.5	  -13666.5
559	   -411680	  -13725.3	    -13689	    -13689	    -13689
560	   -411731	  -13776.2	  -13712.6	  -13712.6	  -13712.6
561	   -411647	  -13691.6	  -13726.6	  -13726.6	  -13726.6
562	   -411636	  -13680.8	  -13749.6	  -13749.6	  -13749.6
563	   -411761	  -13805.4	    -13788	    -13788	    -13788
564	   -411867	  -13911.7	  -13818.9	  -13818.9	  -13818.9
565	   -411769	  -13814.1	  -13830.5	  -13830.5	  -13830.5
566	   -411709	  -13753.4	  -13846.5	  -13846.5	  -13846.5
567	   -411841	  -13885.6	  -13886.5	  -13886.5	  -13886.5
568	   -411958	  -14002.7	  -13940.8	  -13940.8	  -13940.8
569	   -411906	  -13950.7	  -14011.2	  -14011.2	  -14011.2
570	   -411919	  -13963.7	  -14140.2	  -14140.2	  -14140.2
571	   -412192	  -14236.8	  -14356.5	  -14356.5	  -14356.5
572	   -412703	  -14748.3	  -14605.2	  -14605.2	  -14605.2
573	   -412999	  -15044.2	  -14775.1	  -14775.1	  -14775.1
574	   -412845	  -14890.3	  -14802.4	  -14802.4	  -14802.4
575	   -412715	  -14760.3	  -14717.1	  -14717.1	  -14717.1
576	   -412496	  -14541.3	  -14595.2	  -14595.2	  -14595.2
577	   -412349	  -14393.9	  -14501.1	  -14501.1	  -14501.1
578	   -412377	  -14422.1	  -14454.7	  -14454.7	  -14454.7
579	   -412476	  -14520.8	  -14429.6	  -14429.6	  -14429.6
580	   -412337	    -14382	  -14400.2	  -14400.2	  -14400.2
581	   -412253	  -14297.5	  -14376.6	  -14376.6	  -14376.6
582	   -412337	    -14382	  -14374.5	  -14374.5	  -14374.5
583	   -412363	    -14408	  -14387.5	  -14387.5	  -14387.5
584	   -412325	  -14370.1	  -14404.5	  -14404.5	  -14404.5
585	   -412393	  -14438.4	  -14420.1	  -14420.1	  -14420.1
586	   -412438	  -14482.8	  -14430.1	  -14430.1	  -14430.1
587	   -412313	  -14358.2	  -14443.3	  -14443.3	  -14443.3
588	   -412391	  -14436.2	  -14474.5	  -14474.5	  -14474.5
589	   -412552	  -14596.6	  -14512.7	  -14512.7	  -14512.7
590	   -412520	  -14565.2	  -14534.9	  -14534.9	  -14534.9
591	   -412447	  -14491.5	  -14546.6	  -14546.6	  -14546.6
592	   -412482	  -14527.3	  -14572.3	  -14572.3	  -14572.3
593	   -412597	  -14642.1	  -14620.7	  -14620.7	  -14620.7
594	   -412644	  -14688.8	  -14697.8	  -14697.8	  -14697.8
595	   -412579	  -14623.7	  -14841.2	  -14841.2	  -14841.2
596	   -412873	  -14917.4	  -15076.9	  -15076.9	  -15076.9
597	   -413563	  -15607.8	  -15336.2	  -15336.2	  -15336.2
598	   -413683	  -15728.1	  -15493.5	  -15493.5	  -15493.5
599	   -413533	  -15577.4	    -15495	    -15495	    -15495
600	   -413378	  -15422.5	    -15391	    -15391	    -15391
601	   -413122	  -15166.7	  -15269.2	  -15269.2	  -15269.2
602	   -413037	  -15082.2	    -15191	    -15191	    -15191
603	   -413146	  -15190.5	  -15157.9	  -15157.9	  -15157.9
604	   -413178	  -15223.1	  -15130.2	  -15130.2	  -15130.2
605	   -412997	  -15042.1	  -15092.6	  -15092.6	  -15092.6
606	   -412914	  -14958.6	    -15071	    -15071	    -15071
607	   -413077	  -15122.3	  -15075.7	  -15075.7	  -15075.7
608	   -413112	  -15156.9	  -15081.1	  -15081.1	  -15081.1
609	   -412982	  -15026.9	  -15076.6	  -15076.6	  -15076.6
610	   -412959	  -15004.1	  -15084.3	  -15084.3	  -15084.3
611	   -413100	    -15145	  -15113.4	  -15113.4	  -15113.4
612	   -413156	  -15201.4	  -15143.3	  -15143.3	  -15143.3
613	   -413085	  -15129.8	  -15162.6	  -15162.6	  -15162.6
614	   -413107	  -15151.5	    -15183	    -15183	    -15183
615	   -413186	  -15230.6	  -15212.1	  -15212.1	  -15212.1
616	   -413211	  -15255.6	  -15243.5	  -15243.5	  -15243.5
617	   -413211	  -15255.6	  -15276.2	  -15276.2	  -15276.2
618	   -413249	  -15293.5	  -15322.1	  -15322.1	  -15322.1
619	   -413329	  -15373.7	  -15406.3	  -15406.3	  -15406.3
620	   -413332	  -15376.9	  -15567.9	  -15567.9	  -15567.9
621	   -413618	  -15663.1	  -15818.6	  -15818.6	  -15818.6
622	   -414332	  -16377.3	  -16076.9	  -16076.9	  -16076.9
623	   -414448	  -16493.3	  -16213.8	  -16213.8	  -16213.8
624	   -414182	  -16226.7	  -16191.3	  -16191.3	  -16191.3
625	   -413967	  -16012.1	  -16085.2	  -16085.2	  -16085.2
626	   -413904	  -15949.2	    -15978	    -15978	    -15978
627	   -413863	    -15908	    -15895	    -15895	    -15895
628	   -413745	  -15789.9	  -15833.2	  -15833.2	  -15833.2
629	   -413724	  -15769.3	  -15792.3	  -15792.3	  -15792.3
630	   -413710	  -15755.2	  -15768.2	  -15768.2	  -15768.2
631	   -413751	  -15796.4	  -15748.2	  -15748.2	  -15748.2
632	   -413669	    -15714	  -15732.8	  -15732.8	  -15732.8
633	   -413552	    -15597	  -15742.4	  -15742.4	  -15742.4
634	   -413795	  -15839.7	  -15775.9	  -15775.9	  -15775.9
635	   -413909	  -15953.5	  -15796.6	  -15796.6	  -15796.6
636	   -413629	  -15673.9	  -15799.7	  -15799.7	  -15799.7
637	   -413645	  -15690.2	  -15824.5	  -15824.5	  -15824.5
638	   -413962	  -16006.6	  -15867.6	  -15867.6	  -15867.6
639	   -413996	  -16041.3	  -15880.5	  -15880.5	  -15880.5
640	   -413649	  -15693.4	  -15870.5	  -15870.5	  -15870.5
641	   -413691	  -15735.7	  -15898.3	  -15898.3	  -15898.3
642	   -414084	  -16129.1	  -15966.5	  -15966.5	  -15966.5
643	   -414063	  -16107.4	  -16027.5	  -16027.5	  -16027.5
644	   -413878	  -15923.2	  -16101.9	  -16101.9	  -16101.9
645	   -413945	  -15990.4	    -16274	    -16274	    -16274
646	   -414508	  -16552.9	  -16552.3	  -16552.3	  -16552.3
647	   -415113	  -17157.6	  -16816.8	  -16816.8	  -16816.8
648	   -415076	  -17120.8	  -16944.8	  -16944.8	  -16944.8
649	   -414862	  -16907.3	  -16927.8	  -16927.8	  -16927.8
650	   -414875	  -16920.3	  -16828.8	  -16828.8	  -16828.8
651	   -414623	  -16667.8	  -16704.9	  -16704.9	  -16704.9
652	   -414449	  -16494.3	  -16601.4	  -16601.4	  -16601.4
653	   -414466	  -16510.6	  -16544.2	  -16544.2	  -16544.2
654	   -414493	  -16537.7	  -16522.1	  -16522.1	  -16522.1
655	   -414479	  -16523.6	    -16508	    -16508	    -16508
656	   -414441	  -16485.7	  -16488.5	  -16488.5	  -16488.5
657	   -414422	  -16467.3	  -16466.8	  -16466.8	  -16466.8
658	   -414388	  -16432.6	  -16453.9	  -16453.9	  -16453.9
659	   -414365	  -16409.8	  -16462.7	  -16462.7	  -16462.7
660	   -414425	  -16469.4	  -16493.1	  -16493.1	  -16493.1
661	   -414568	  -16612.5	  -16521.6	  -16521.6	  -16521.6
662	   -414526	  -16571.3	  -16529.6	  -16529.6	  -16529.6
663	   -414359	  -16404.4	  -16538.6	  -16538.6	  -16538.6
664	   -414487	  -16532.3	  -16576.3	  -16576.3	  -16576.3
665	   -414715	  -16759.9	  -16622.4	  -16622.4	  -16622.4
666	   -414633	  -16677.5	  -16643.2	  -16643.2	  -16643.2
667	   -414494	  -16538.8	  -16654.3	  -16654.3	  -16654.3
668	   -414609	  -16653.7	  -16694.1	  -16694.1	  -16694.1
669	   -414739	  -16783.7	  -16767.6	  -16767.6	  -16767.6
670	   -414852	  -16896.4	  -16870.4	  -16870.4	  -16870.4
671	   -414739	  -16783.7	  -17040.5	  -17040.5	  -17040.5
672	   -415064	  -17108.9	  -17306.1	  -17306.1	  -17306.1
673	   -415936	  -17981.3	  -17574.7	  -17574.7	  -17574.7
674	   -415973	  -18018.2	  -17688.7	  -17688.7	  -17688.7
675	   -415603	  -17647.5	  -17613.8	  -17613.8	  -17613.8
676	   -415238	  -17283.3	  -17469.1	  -17469.1	  -17469.1
677	   -415214	  -17258.4	    -17370	    -17370	    -17370
678	   -415383	  -17427.5	    -17321	    -17321	    -17321
679	   -415285	    -17330	  -17272.8	  -17272.8	  -17272.8
680	   -415067	  -17112.1	    -17222	    -17222	    -17222
681	   -415067	  -17112.1	    -17201	    -17201	    -17201
682	   -415256	  -17300.7	  -17205.7	  -17205.7	  -17205.7
683	   -415207	  -17251.9	    -17204	    -17204	    -17204
684	   -415057	  -17102.3	    -17198	    -17198	    -17198
685	   -415107	  -17152.2	  -17213.1	  -17213.1	  -17213.1
686	   -415289	  -17334.3	  -17241.3	  -17241.3	  -17241.3
687	   -415274	  -17319.1	  -17255.7	  -17255.7	  -17255.7
688	   -415079	    -17124	    -17266	    -17266	    -17266
689	   -415235	  -17280.1	  -17297.6	  -17297.6	  -17297.6
690	   -415415	    -17460	  -17337.6	  -17337.6	  -17337.6
691	   -415287	  -17332.1	  -17365.2	  -17365.2	  -17365.2
692	   -415261	  -17306.1	  -17393.2	  -17393.2	  -17393.2
693	   -415440	  -17484.9	    -17433	    -17433	    -17433
694	   -415493	    -17538	  -17480.9	  -17480.9	  -17480.9
695	   -415345	  -17389.6	  -17575.4	  -17575.4	  -17575.4
696	   -415404	  -17449.2	  -17785.7	  -17785.7	  -17785.7
697	   -416173	  -18217.6	  -18084.2	  -18084.2	  -18084.2
698	   -416724	  -18769.3	    -18317	    -18317	    -18317
699	   -416405	  -18449.5	    -18374	    -18374	    -18374
700	   -416201	  -18245.8	  -18298.8	  -18298.8	  -18298.8
701	   -416142	  -18187.3	  -18188.6	  -18188.6	  -18188.6
702	   -416029	  -18073.4	  -18092.1	  -18092.1	  -18092.1
703	   -415925	  -17969.4	  -18020.2	  -18020.2	  -18020.2
704	   -415913	  -17957.5	  -17971.9	  -17971.9	  -17971.9
705	   -415923	  -17968.3	    -17936	    -17936	    -17936
706	   -415845	  -17890.3	  -17904.9	  -17904.9	  -17904.9
707	   -415786	  -17830.7	  -17889.1	  -17889.1	  -17889.1
708	   -415819	  -17864.3	  -17898.5	  -17898.5	  -17898.5
709	   -415923	  -17968.3	    -17919	    -17919	    -17919
710	   -415940	  -17984.6	  -17930.2	  -17930.2	  -17930.2
711	   -415807	  -17852.3	    -17942	    -17942	    -17942
712	   -415840	  -17884.9	  -17977.4	  -17977.4	  -17977.4
713	   -416128	  -18173.2	    -18020	    -18020	    -18020
714	   -416066	  -18111.4	  -18036.4	  -18036.4	  -18036.4
715	   -415806	  -17851.3	  -18045.5	  -18045.5	  -18045.5
716	   -416019	  -18063.7	  -18085.9	  -18085.9	  -18085.9
717	   -416240	  -18284.8	  -18141.4	  -18141.4	  -18141.4
718	   -416128	  -18173.2	  -18189.7	  -18189.7	  -18189.7
719	   -416036	    -18081	  -18283.8	  -18283.8	  -18283.8
720	   -416173	  -18217.6	  -18499.9	  -18499.9	  -18499.9
721	   -416855	  -18900.4	  -18807.4	  -18807.4	  -18807.4
722	   -417423	  -19468.3	  -19054.3	  -19054.3	  -19054.3
723	   -417240	  -19285.1	  -19123.2	  -19123.2	  -19123.2
724	   -416948	  -18992.5	    -19044	    -19044	    -19044
725	   -416850	    -18895	  -18921.4	  -18921.4	  -18921.4
726	   -416712	  -18757.3	  -18823.8	  -18823.8	  -18823.8
727	   -416689	  -18733.5	    -18764	    -18764	    -18764
728	   -416715	  -18759.5	  -18723.9	  -18723.9	  -18723.9
729	   -416657	    -18702	  -18683.7	  -18683.7	  -18683.7
730	   -416553	    -18598	  -18645.7	  -18645.7	  -18645.7
731	   -416541	  -18586.1	  -18623.9	  -18623.9	  -18623.9
732	   -416602	  -18646.8	    -18618	    -18618	    -18618
733	   -416579	    -18624	  -18618.3	  -18618.3	  -18618.3
734	   -416525	  -18569.8	  -18626.8	  -18626.8	  -18626.8
735	   -416599	  -18643.5	  -18647.7	  -18647.7	  -18647.7
736	   -416683	  -18728.1	  -18668.6	  -18668.6	  -18668.6
737	   -416643	    -18688	  -18679.6	  -18679.6	  -18679.6
738	   -416565	  -18609.9	  -18696.4	  -18696.4	  -18696.4
739	   -416663	  -18707.5	    -18735	    -18735	    -18735
740	   -416837	    -18882	  -18778.9	  -18778.9	  -18778.9
741	   -416754	  -18798.5	  -18806.9	  -18806.9	  -18806.9
742	   -416732	  -18776.8	  -18828.7	  -18828.7	  -18828.7
743	   -416813	  -18858.1	  -18867.4	  -18867.4	  -18867.4
744	   -416861	  -18905.8	  -18939.1	  -18939.1	  -18939.1
745	   -416928	    -18973	  -19069.3	  -19069.3	  -19069.3
746	   -417033	  -19078.1	  -19286.2	  -19286.2	  -19286.2
747	   -417560	  -19604.8	  -19553.9	  -19553.9	  -19553.9
748	   -418141	  -20185.8	  -19750.6	  -19750.6	  -19750.6
749	   -417822	  -19867.1	  -19787.1	  -19787.1	  -19787.1
750	   -417586	  -19630.9	  -19704.3	  -19704.3	  -19704.3
751	   -417556	  -19600.5	    -19593	    -19593	    -19593
752	   -417428	  -19472.6	  -19498.8	  -19498.8	  -19498.8
753	   -417337	  -19381.6	  -19432.2	  -19432.2	  -19432.2
754	   -417320	  -19365.3	  -19392.6	  -19392.6	  -19392.6
755	   -417363	  -19407.6	  -19365.1	  -19365.1	  -19365.1
756	   -417314	  -19358.8	  -19336.6	  -19336.6	  -19336.6
757	   -417172	  -19216.8	  -19318.8	  -19318.8	  -19318.8
758	   -417256	  -19301.4	  -19326.9	  -19326.9	  -19326.9
759	   -417385	  -19430.4	  -19345.6	  -19345.6	  -19345.6
760	   -417318	  -19363.2	  -19352.8	  -19352.8	  -19352.8
761	   -417235	  -19279.7	  -19356.9	  -19356.9	  -19356.9
762	   -417330	  -19375.1	  -19374.6	  -19374.6	  -19374.6
763	   -417403	  -19447.7	    -19399	    -19399	    -19399
764	   -417362	  -19406.5	  -19419.4	  -19419.4	  -19419.4
765	   -417356	  -19401.1	  -19445.2	  -19445.2	  -19445.2
766	   -417416	  -19460.7	  -19486.5	  -19486.5	  -19486.5
767	   -417549	    -19594	  -19531.6	  -19531.6	  -19531.6
768	   -417549	    -19594	    -19571	    -19571	    -19571
769	   -417456	  -19500.8	  -19636.7	  -19636.7	  -19636.7
770	   -417577	  -19622.2	  -19787.7	  -19787.7	  -19787.7
771	   -417873	  -19918.1	  -20036.1	  -20036.1	  -20036.1
772	   -418488	  -20532.6	  -20301.2	  -20301.2	  -20301.2
773	   -418660	  -20704.9	  -20466.8	  -20466.8	  -20466.8
774	   -418483	  -20528.3	  -20486.5	  -20486.5	  -20486.5
775	   -418447	  -20491.4	  -20400.3	  -20400.3	  -20400.3
776	   -418157	    -20202	  -20278.9	  -20278.9	  -20278.9
777	   -418035	  -20079.6	  -20182.8	  -20182.8	  -20182.8
778	   -418086	  -20130.5	  -20131.5	  -20131.5	  -20131.5
779	   -418090	  -20134.8	  -20101.3	  -20101.3	  -20101.3
780	   -418048	  -20092.6	  -20066.2	  -20066.2	  -20066.2
781	   -417938	  -19983.1	  -20031.1	  -20031.1	  -20031.1
782	   -417906	  -19950.6	    -20016	    -20016	    -20016
783	   -418016	  -20061.1	  -20021.2	  -20021.2	  -20021.2
784	   -418011	  -20055.7	  -20028.1	  -20028.1	  -20028.1
785	   -417957	  -20001.5	  -20031.3	  -20031.3	  -20031.3
786	   -417962	  -20006.9	  -20043.6	  -20043.6	  -20043.6
787	   -418027	    -20072	  -20068.2	  -20068.2	  -20068.2
788	   -418100	  -20144.6	  -20091.6	  -20091.6	  -20091.6
789	   -418046	  -20090.4	    -20108	    -20108	    -20108
790	   -418019	  -20064.4	    -20129	    -20129	    -20129
791	   -418163	  -20207.4	  -20158.2	  -20158.2	  -20158.2
792	   -418176	  -20220.4	  -20186.9	  -20186.9	  -20186.9
793	   -418081	  -20126.2	  -20222.6	  -20222.6	  -20222.6
794	   -418206	  -20250.8	  -20284.1	  -20284.1	  -20284.1
795	   -418400	  -20444.8	  -20381.2	  -20381.2	  -20381.2
796	   -418277	  -20322.3	  -20540.4	  -20540.4	  -20540.4
797	   -418526	  -20570.5	  -20784.5	  -20784.5	  -20784.5
798	   -419347	    -21392	  -21035.3	  -21035.3	  -21035.3
799	   -419474	  -21518.8	  -21149.3	  -21149.3	  -21149.3
800	   -418962	  -21007.3	  -21098.8	  -21098.8	  -21098.8
801	   -418820	  -20865.3	  -20990.7	  -20990.7	  -20990.7
802	   -418885	  -20930.3	  -20905.2	  -20905.2	  -20905.2
803	   -418864	  -20908.7	  -20836.6	  -20836.6	  -20836.6
804	   -418650	  -20695.2	  -20774.2	  -20774.2	  -20774.2
805	   -418601	  -20646.4	    -20738	    -20738	    -20738
806	   -418739	    -20784	  -20729.6	  -20729.6	  -20729.6
807	   -418728	  -20773.2	  -20722.4	  -20722.4	  -20722.4
808	   -418612	  -20657.2	  -20707.8	  -20707.8	  -20707.8
809	   -418617	  -20661.6	  -20703.2	  -20703.2	  -20703.2
810	   -418686	  -20730.9	  -20714.9	  -20714.9	  -20714.9
811	   -418713	    -20758	  -20730.8	  -20730.8	  -20730.8
812	   -418673	  -20717.9	    -20746	    -20746	    -20746
813	   -418697	  -20741.8	  -20769.1	  -20769.1	  -20769.1
814	   -418766	  -20811.1	  -20803.1	  -20803.1	  -20803.1
815	   -418808	  -20853.4	  -20838.5	  -20838.5	  -20838.5
816	   -418832	  -20877.2	  -20866.8	  -20866.8	  -20866.8
817	   -418843	  -20888.1	  -20889.7	  -20889.7	  -20889.7
818	   -418853	  -20897.8	  -20920.2	  -20920.2	  -20920.2
819	   -418876	  -20920.6	  -20983.8	  -20983.8	  -20983.8
820	   -418953	  -20997.5	  -21115.1	  -21115.1	  -21115.1
821	   -419137	  -21181.8	  -21331.5	  -21331.5	  -21331.5
822	   -419642	  -21686.8	  -21586.6	  -21586.6	  -21586.6
823	   -420007	  -22052.1	  -21776.6	  -21776.6	  -21776.6
824	   -419903	    -21948	  -21828.6	  -21828.6	  -21828.6
825	   -419731	  -21775.7	  -21761.2	  -21761.2	  -21761.2
826	   -419601	  -21645.7	  -21642.6	  -21642.6	  -21642.6
827	   -419422	  -21466.8	  -21534.4	  -21534.4	  -21534.4
828	   -419306	  -21350.8	  -21471.4	  -21471.4	  -21471.4
829	   -419457	  -21501.5	    -21443	    -21443	    -21443
830	   -419485	  -21529.7	  -21408.1	  -21408.1	  -21408.1
831	   -419220	  -21265.2	  -21362.3	  -21362.3	  -21362.3
832	   -419150	  -21194.8	  -21347.5	  -21347.5	  -21347.5
833	   -419395	  -21439.7	  -21372.3	  -21372.3	  -21372.3
834	   -419482	  -21526.4	  -21392.6	  -21392.6	  -21392.6
835	   -419271	  -21316.2	  -21392.8	  -21392.8	  -21392.8
836	   -419215	  -21259.8	  -21408.6	  -21408.6	  -21408.6
837	   -419515	    -21560	  -21445.3	  -21445.3	  -21445.3
838	   -419555	  -21600.1	  -21463.5	  -21463.5	  -21463.5
839	   -419266	  -21310.8	  -21463.9	  -21463.9	  -21463.9
840	   -419340	  -21384.4	  -21490.6	  -21490.6	  -21490.6
841	   -419625	  -21669.5	    -21541	    -21541	    -21541
842	   -419631	    -21676	  -21573.2	  -21573.2	  -21573.2
843	   -419385	    -21430	  -21599.6	  -21599.6	  -21599.6
844	   -419512	  -21556.8	  -21685.2	  -21685.2	  -21685.2
845	   -419782	  -21826.7	  -21864.9	  -21864.9	  -21864.9
846	   -419962	  -22006.6	  -22114.3	  -22114.3	  -22114.3
847	   -420478	  -22522.4	    -22360	    -22360	    -22360
848	   -420726	  -22770.6	    -22503	    -22503	    -22503
849	   -420586	  -22630.8	  -22492.5	  -22492.5	  -22492.5
850	   -420293	  -22338.2	  -22378.3	  -22378.3	  -22378.3
851	   -420061	  -22106.3	  -22256.8	  -22256.8	  -22256.8
852	   -420151	  -22196.2	  -22176.4	  -22176.4	  -22176.4
853	   -420127	  -22172.4	  -22121.4	  -22121.4	  -22121.4
854	   -419974	  -22018.5	  -22076.7	  -22076.7	  -22076.7
855	   -419929	    -21974	  -22055.1	  -22055.1	  -22055.1
856	   -420052	  -22096.5	  -22056.7	  -22056.7	  -22056.7
857	   -420079	  -22123.6	  -22056.9	  -22056.9	  -22056.9
858	   -419948	  -21992.5	    -22048	    -22048	    -22048
859	   -419961	  -22005.5	  -22048.8	  -22048.8	  -22048.8
860	   -420039	  -22083.5	  -22068.7	  -22068.7	  -22068.7
861	   -420055	  -22099.8	  -22096.9	  -22096.9	  -22096.9
862	   -420083	  -22127.9	    -22122	    -22122	    -22122
863	   -420108	  -22152.9	  -22141.7	  -22141.7	  -22141.7
864	   -420104	  -22148.5	    -22160	    -22160	    -22160
865	   -420119	  -22163.7	  -22183.1	  -22183.1	  -22183.1
866	   -420172	  -22216.8	  -22211.1	  -22211.1	  -22211.1
867	   -420226	    -22271	  -22238.6	  -22238.6	  -22238.6
868	   -420182	  -22226.6	  -22272.1	  -22272.1	  -22272.1
869	   -420226	    -22271	  -22341.6	  -22341.6	  -22341.6
870	   -420323	  -22367.5	  -22489.3	  -22489.3	  -22489.3
871	   -420478	  -22522.4	  -22731.5	  -22731.5	  -22731.5
872	   -421182	  -23226.9	  -23002.3	  -23002.3	  -23002.3
873	   -421438	  -23482.7	  -23175.9	  -23175.9	  -23175.9
874	   -421217	  -23261.6	  -23190.1	  -23190.1	  -23190.1
875	   -421028	    -23073	    -23097	    -23097	    -23097
876	   -420896	  -22940.8	  -22979.9	  -22979.9	  -22979.9
877	   -420822	  -22867.1	  -22882.8	  -22882.8	  -22882.8
878	   -420729	  -22773.9	    -22817	    -22817	    -22817
879	   -420687	  -22731.6	  -22782.4	  -22782.4	  -22782.4
880	   -420758	  -22803.2	  -22765.2	  -22765.2	  -22765.2
881	   -420743	    -22788	  -22747.7	  -22747.7	  -22747.7
882	   -420608	  -22652.5	  -22733.2	  -22733.2	  -22733.2
883	   -420654	  -22699.1	  -22736.5	  -22736.5	  -22736.5
884	   -420790	  -22834.6	  -22750.4	  -22750.4	  -22750.4
885	   -420700	  -22744.6	  -22762.1	  -22762.1	  -22762.1
886	   -420642	  -22687.2	  -22782.1	  -22782.1	  -22782.1
887	   -420811	  -22856.3	  -22815.4	  -22815.4	  -22815.4
888	   -420892	  -22936.4	    -22840	    -22840	    -22840
889	   -420749	  -22793.4	  -22850.6	  -22850.6	  -22850.6
890	   -420733	  -22778.2	    -22875	    -22875	    -22875
891	   -420909	  -22953.8	  -22921.7	  -22921.7	  -22921.7
892	   -421037	  -23081.7	  -22961.6	  -22961.6	  -22961.6
893	   -420879	  -22923.4	  -22992.3	  -22992.3	  -22992.3
894	   -420851	  -22896.3	  -23074.3	  -23074.3	  -23074.3
895	   -421037	  -23081.7	  -23268.7	  -23268.7	  -23268.7
896	   -421504	  -23548.8	  -23548.4	  -23548.4	  -23548.4
897	   -422084	  -24128.6	  -23793.3	  -23793.3	  -23793.3
898	   -422024	    -24069	  -23898.4	  -23898.4	  -23898.4
899	   -421788	  -23832.8	  -23867.5	  -23867.5	  -23867.5
900	   -421777	  -23821.9	  -23769.1	  -23769.1	  -23769.1
901	   -421601	  -23646.3	  -23657.9	  -23657.9	  -23657.9
902	   -421409	  -23453.4	  -23571.6	  -23571.6	  -23571.6
903	   -421442	    -23487	  -23527.4	  -23527.4	  -23527.4
904	   -421549	  -23594.3	  -23501.2	  -23501.2	  -23501.2
905	   -421459	  -23504.4	  -23462.5	  -23462.5	  -23462.5
906	   -421252	  -23297.3	  -23426.6	  -23426.6	  -23426.6
907	   -421315	  -23360.2	    -23426	    -23426	    -23426
908	   -421504	  -23548.8	    -23450	    -23450	    -23450
909	   -421448	  -23492.4	    -23466	    -23466	    -23466
910	   -421351	    -23396	  -23475.1	  -23475.1	  -23475.1
911	   -421432	  -23477.3	  -23496.7	  -23496.7	  -23496.7
912	   -421549	  -23594.3	  -23525.5	  -23525.5	  -23525.5
913	   -421501	  -23545.6	  -23547.7	  -23547.7	  -23547.7
914	   -421452	  -23496.8	  -23571.2	  -23571.2	  -23571.2
915	   -421592	  -23636.6	  -23603.7	  -23603.7	  -23603.7
916	   -421637	  -23682.1	  -23633.3	  -23633.3	  -23633.3
917	   -421583	  -23627.9	  -23656.7	  -23656.7	  -23656.7
918	   -421583	  -23627.9	  -23698.9	  -23698.9	  -23698.9
919	   -421691	  -23736.3	  -23798.2	  -23798.2	  -23798.2
920	   -421776	  -23820.8	  -23987.8	  -23987.8	  -23987.8
921	   -422090	  -24135.1	  -24261.8	  -24261.8	  -24261.8
922	   -422776	  -24821.2	    -24527	    -24527	    -24527
923	   -422951	  -24995.7	  -24653.2	  -24653.2	  -24653.2
924	   -422541	    -24586	    -24611	    -24611	    -24611
925	   -422386	    -24431	  -24489.9	  -24489.9	  -24489.9
926	   -422280	  -24324.8	  -24379.1	  -24379.1	  -24379.1
927	   -422259	  -24304.2	  -24301.1	  -24301.1	  -24301.1
928	   -422203	  -24247.8	  -24243.5	  -24243.5	  -24243.5
929	   -422111	  -24155.7	    -24202	    -24202	    -24202
930	   -422104	  -24149.2	  -24181.2	  -24181.2	  -24181.2
931	   -422151	  -24195.8	  -24173.7	  -24173.7	  -24173.7
932	   -422163	  -24207.8	  -24164.6	  -24164.6	  -24164.6
933	   -422056	  -24100.5	  -24157.5	  -24157.5	  -24157.5
934	   -422048	  -24092.9	  -24170.9	  -24170.9	  -24170.9
935	   -422231	    -24276	  -24200.4	  -24200.4	  -24200.4
936	   -422215	  -24259.8	  -24222.4	  -24222.4	  -24222.4
937	   -422135	  -24179.6	    -24234	    -24234	    -24234
938	   -422194	  -24239.2	  -24253.9	  -24253.9	  -24253.9
939	   -422237	  -24281.4	  -24289.6	  -24289.6	  -24289.6
940	   -422296	  -24341.1	  -24329.8	  -24329.8	  -24329.8
941	   -422358	  -24402.8	  -24361.3	  -24361.3	  -24361.3
942	   -422322	  -24367.1	  -24385.1	  -24385.1	  -24385.1
943	   -422322	  -24367.1	  -24423.2	  -24423.2	  -24423.2
944	   -422402	  -24447.3	  -24507.9	  -24507.9	  -24507.9
945	   -422499	  -24543.7	  -24670.4	  -24670.4	  -24670.4
946	   -422718	  -24762.7	  -24913.2	  -24913.2	  -24913.2
947	   -423349	  -25393.4	  -25165.5	  -25165.5	  -25165.5
948	   -423559	  -25603.7	  -25313.1	  -25313.1	  -25313.1
949	   -423287	  -25331.7	  -25310.9	  -25310.9	  -25310.9
950	   -423183	  -25227.6	  -25213.6	  -25213.6	  -25213.6
951	   -423010	  -25055.3	  -25097.3	  -25097.3	  -25097.3
952	   -422898	  -24942.6	  -25007.2	  -25007.2	  -25007.2
953	   -422883	  -24927.4	  -24954.6	  -24954.6	  -24954.6
954	   -422888	  -24932.8	  -24924.7	  -24924.7	  -24924.7
955	   -422898	  -24942.6	  -24894.2	  -24894.2	  -24894.2
956	   -422797	  -24841.8	  -24860.6	  -24860.6	  -24860.6
957	   -422698	  -24743.2	  -24847.8	  -24847.8	  -24847.8
958	   -422804	  -24849.3	  -24869.1	  -24869.1	  -24869.1
959	   -422945	  -24990.3	    -24899	    -24899	    -24899
960	   -422904	  -24949.1	  -24908.3	  -24908.3	  -24908.3
961	   -422776	  -24821.2	  -24910.6	  -24910.6	  -24910.6
962	   -422816	  -24861.3	  -24937.4	  -24937.4	  -24937.4
963	   -423032	    -25077	  -24982.9	  -24982.9	  -24982.9
964	   -423016	  -25060.7	  -25017.8	  -25017.8	  -25017.8
965	   -422912	  -24956.7	  -25043.5	  -25043.5	  -25043.5
966	   -423018	  -25062.9	  -25078.9	  -25078.9	  -25078.9
967	   -423158	  -25202.7	  -25122.1	  -25122.1	  -25122.1
968	   -423096	  -25140.9	  -25182.3	  -25182.3	  -25182.3
969	   -422988	  -25032.5	  -25321.1	  -25321.1	  -25321.1
970	   -423370	  -25415.1	  -25577.6	  -25577.6	  -25577.6
971	   -424116	  -26160.8	  -25863.3	  -25863.3	  -25863.3
972	   -424336	  -26380.8	  -26026.4	  -26026.4	  -26026.4
973	   -423929	  -25974.3	  -26023.1	  -26023.1	  -26023.1
974	   -423848	  -25893.1	  -25931.5	  -25931.5	  -25931.5
975	   -423848	  -25893.1	  -25824.4	  -25824.4	  -25824.4
976	   -423622	  -25666.5	    -25732	    -25732	    -25732
977	   -423491	  -25535.4	  -25677.2	  -25677.2	  -25677.2
978	   -423689	  -25733.8	  -25655.4	  -25655.4	  -25655.4
979	   -423687	  -25731.6	    -25628	    -25628	    -25628
980	   -423453	  -25497.5	  -25586.4	  -25586.4	  -25586.4
981	   -423424	  -25469.3	  -25564.2	  -25564.2	  -25564.2
982	   -423571	  -25615.6	    -25573	    -25573	    -25573
983	   -423600	  -25644.9	  -25586.7	  -25586.7	  -25586.7
984	   -423498	    -25543	  -25592.7	  -25592.7	  -25592.7
985	   -423527	  -25572.3	  -25606.2	  -25606.2	  -25606.2
986	   -423603	  -25648.1	  -25635.6	  -25635.6	  -25635.6
987	   -423624	  -25668.7	  -25671.1	  -25671.1	  -25671.1
988	   -423677	  -25721.8	  -25700.1	  -25700.1	  -25700.1
989	   -423702	  -25746.8	  -25717.6	  -25717.6	  -25717.6
990	   -423650	  -25694.7	  -25733.4	  -25733.4	  -25733.4
991	   -423670	  -25715.3	  -25767.9	  -25767.9	  -25767.9
992	   -423763	  -25807.4	  -25829.6	  -25829.6	  -25829.6
993	   -423921	  -25965.7	    -25917	    -25917	    -25917
994	   -423859	  -25903.9	  -26056.2	  -26056.2	  -26056.2
995	   -423957	  -26001.4	  -26285.7	  -26285.7	  -26285.7
996	   -424759	  -26803.4	  -26554.8	  -26554.8	  -26554.8
997	   -425065	  -27110.2	  -26718.7	  -26718.7	  -26718.7
998	   -424729	  -26774.2	  -26704.4	  -26704.4	  -26704.4
999	   -424403	    -26448	  -26591.3	  -26591.3	  -26591.3
1000	   -424384	  -26428.5	  -26485.2	  -26485.2	  -26485.2
1001	   -424448	  -26492.4	  -26408.5	  -26408.5	  -26408.5
1002	   -424271	  -26315.8	  -26342.1	  -26342.1	  -26342.1
1003	   -424154	  -26198.7	  -26292.3	  -26292.3	  -26292.3
1004	   -424229	  -26273.5	  -26271.6	  -26271.6	  -26271.6
1005	   -424255	  -26299.5	  -26265.7	  -26265.7	  -26265.7
1006	   -424219	  -26263.7	  -26254.6	  -26254.6	  -26254.6
1007	   -424178	  -26222.5	  -26239.9	  -26239.9	  -26239.9
1008	   -424156	  -26200.8	  -26237.7	  -26237.7	  -26237.7
1009	   -424181	  -26225.8	  -26258.7	  -26258.7	  -26258.7
1010	   -424257	  -26301.7	  -26295.5	  -26295.5	  -26295.5
1011	   -424340	  -26385.1	  -26327.6	  -26327.6	  -26327.6
1012	   -424299	  -26343.9	  -26345.2	  -26345.2	  -26345.2
1013	   -424265	  -26310.3	  -26359.9	  -26359.9	  -26359.9
1014	   -424349	  -26393.8	  -26383.3	  -26383.3	  -26383.3
1015	   -424389	  -26433.9	  -26412.4	  -26412.4	  -26412.4
1016	   -424371	  -26415.4	    -26446	    -26446	    -26446
1017	   -424410	  -26454.5	  -26494.1	  -26494.1	  -26494.1
1018	   -424526	  -26570.4	  -26570.4	  -26570.4	  -26570.4
1019	   -424563	  -26608.4	    -26700	    -26700	    -26700
1020	   -424624	  -26669.1	  -26911.5	  -26911.5	  -26911.5
1021	   -425256	  -27300.9	  -27170.3	  -27170.3	  -27170.3
1022	   -425667	  -27711.7	  -27365.2	  -27365.2	  -27365.2
1023	   -425386	    -27431	  -27423.3	  -27423.3	  -27423.3
1024	   -425347	    -27392	  -27369.7	  -27369.7	  -27369.7
1025	   -425342	  -27386.5	  -27254.5	  -27254.5	  -27254.5
1026	   -424984	  -27028.9	  -27123.9	  -27123.9	  -27123.9
1027	   -424803	  -26847.9	  -27036.3	  -27036.3	  -27036.3
1028	   -424981	  -27025.6	  -27009.2	  -27009.2	  -27009.2
1029	   -425119	  -27164.3	  -26992.9	  -26992.9	  -26992.9
1030	   -424851	  -26895.6	  -26954.5	  -26954.5	  -26954.5
1031	   -424741	  -26786.1	  -26927.7	  -26927.7	  -26927.7
1032	   -424901	  -26945.4	  -26939.4	  -26939.4	  -26939.4
1033	   -425032	  -27076.6	  -26959.8	  -26959.8	  -26959.8
1034	   -424912	  -26957.3	  -26960.5	  -26960.5	  -26960.5
1035	   -424794	  -26839.2	  -26961.5	  -26961.5	  -26961.5
1036	   -424967	  -27011.5	  -26985.6	  -26985.6	  -26985.6
1037	   -425031	  -27075.5	  -27019.5	  -27019.5	  -27019.5
1038	   -424964	  -27009.4	  -27047.2	  -27047.2	  -27047.2
1039	   -425020	  -27064.7	    -27073	    -27073	    -27073
1040	   -425082	  -27126.4	  -27100.7	  -27100.7	  -27100.7
1041	   -425074	  -27118.8	  -27128.2	  -27128.2	  -27128.2
1042	   -425095	  -27139.4	  -27159.8	  -27159.8	  -27159.8
1043	   -425143	  -27188.2	  -27206.7	  -27206.7	  -27206.7
1044	   -425212	  -27256.5	  -27289.7	  -27289.7	  -27289.7
1045	   -425215	  -27259.7	  -27446.4	  -27446.4	  -27446.4
1046	   -425497	  -27541.5	    -27690	    -27690	    -27690
1047	   -426181	  -28225.4	  -27944.3	  -27944.3	  -27944.3
1048	   -426296	  -28341.4	  -28086.6	  -28086.6	  -28086.6
1049	   -426078	  -28122.4	  -28075.7	  -28075.7	  -28075.7
1050	   -425903	  -27947.9	  -27974.7	  -27974.7	  -27974.7
1051	   -425777	  -27822.2	  -27861.7	  -27861.7	  -27861.7
1052	   -425700	  -27745.3	  -27774.8	  -27774.8	  -27774.8
1053	   -425630	  -27674.8	  -27719.2	  -27719.2	  -27719.2
1054	   -425659	  -27704.1	  -27684.9	  -27684.9	  -27684.9
1055	   -425619	    -27664	  -27660.4	  -27660.4	  -27660.4
1056	   -425550	  -27594.6	  -27644.3	  -27644.3	  -27644.3
1057	   -425607	  -27652.1	  -27638.5	  -27638.5	  -27638.5
1058	   -425614	  -27658.6	  -27636.5	  -27636.5	  -27636.5
1059	   -425561	  -27605.5	  -27635.2	  -27635.2	  -27635.2
1060	   -425591	  -27635.8	    -27640	    -27640	    -27640
1061	   -425602	  -27646.7	  -27656.6	  -27656.6	  -27656.6
1062	   -425607	  -27652.1	  -27685.3	  -27685.3	  -27685.3
1063	   -425705	  -27749.6	  -27718.5	  -27718.5	  -27718.5
1064	   -425732	  -27776.7	  -27744.8	  -27744.8	  -27744.8
1065	   -425687	  -27732.3	    -27765	    -27765	    -27765
1066	   -425723	    -27768	  -27792.4	  -27792.4	  -27792.4
1067	   -425791	  -27836.3	  -27834.2	  -27834.2	  -27834.2
1068	   -425827	  -27872.1	  -27890.7	  -27890.7	  -27890.7
1069	   -425907	  -27952.3	  -27977.2	  -27977.2	  -27977.2
1070	   -425916	  -27960.9	  -28135.6	  -28135.6	  -28135.6
1071	   -426121	  -28165.8	  -28389.3	  -28389.3	  -28389.3
1072	   -426938	    -28983	  -28661.1	  -28661.1	  -28661.1
1073	   -427085	  -29130.4	  -28809.8	  -28809.8	  -28809.8
1074	   -426771	  -28816.1	  -28787.5	  -28787.5	  -28787.5
1075	   -426551	  -28596.1	  -28678.7	  -28678.7	  -28678.7
1076	   -426462	  -28507.2	  -28580.1	  -28580.1	  -28580.1
1077	   -426486	    -28531	  -28515.5	  -28515.5	  -28515.5
1078	   -426468	  -28512.6	  -28460.5	  -28460.5	  -28460.5
1079	   -426332	  -28377.1	    -28406	    -28406	    -28406
1080	   -426212	  -28256.8	  -28373.1	  -28373.1	  -28373.1
1081	   -426358	  -28403.1	  -28369.8	  -28369.8	  -28369.8
1082	   -426402	  -28446.5	  -28374.9	  -28374.9	  -28374.9
1083	   -426248	  -28292.6	  -28379.3	  -28379.3	  -28379.3
1084	   -426325	  -28369.5	  -28394.6	  -28394.6	  -28394.6
1085	   -426442	  -28486.6	  -28416.5	  -28416.5	  -28416.5
1086	   -426392	  -28436.8	    -28430	    -28430	    -28430
1087	   -426338	  -28382.6	  -28443.6	  -28443.6	  -28443.6
1088	   -426403	  -28447.6	  -28474.1	  -28474.1	  -28474.1
1089	   -426509	  -28553.8	  -28514.5	  -28514.5	  -28514.5
1090	   -426546	  -28590.6	  -28543.6	  -28543.6	  -28543.6
1091	   -426486	    -28531	  -28559.1	  -28559.1	  -28559.1
1092	   -426501	  -28546.2	  -28583.7	  -28583.7	  -28583.7
1093	   -426553	  -28598.2	  -28650.8	  -28650.8	  -28650.8
1094	   -426601	  -28645.9	  -28800.7	  -28800.7	  -28800.7
1095	   -426796	    -28841	  -29050.7	  -29050.7	  -29050.7
1096	   -427528	  -29572.6	  -29332.4	  -29332.4	  -29332.4
1097	   -427779	    -29824	    -29516	    -29516	    -29516
1098	   -427539	  -29583.4	  -29540.8	  -29540.8	  -29540.8
1099	   -427415	  -29459.8	  -29457.2	  -29457.2	  -29457.2
1100	   -427303	  -29348.2	  -29341.4	  -29341.4	  -29341.4
1101	   -427114	  -29158.6	  -29241.5	  -29241.5	  -29241.5
1102	   -427084	  -29129.3	  -29176.6	  -29176.6	  -29176.6
1103	   -427133	  -29178.1	  -29134.2	  -29134.2	  -29134.2
1104	   -427088	  -29132.5	  -29090.5	  -29090.5	  -29090.5
1105	   -426932	  -28976.5	  -29049.1	  -29049.1	  -29049.1
1106	   -426919	  -28963.5	  -29035.3	  -29035.3	  -29035.3
1107	   -427024	  -29068.6	    -29052	    -29052	    -29052
1108	   -427081	    -29126	  -29072.5	  -29072.5	  -29072.5
1109	   -427044	  -29089.2	    -29079	    -29079	    -29079
1110	   -426981	  -29026.3	  -29083.9	  -29083.9	  -29083.9
1111	   -427031	  -29076.2	  -29105.5	  -29105.5	  -29105.5
1112	   -427139	  -29183.5	  -29139.4	  -29139.4	  -29139.4
1113	   -427127	  -29171.6	  -29170.4	  -29170.4	  -29170.4
1114	   -427136	  -29181.3	    -29195	    -29195	    -29195
1115	   -427192	  -29236.6	  -29218.3	  -29218.3	  -29218.3
1116	   -427174	  -29219.3	    -29245	    -29245	    -29245
1117	   -427226	  -29271.3	  -29280.3	  -29280.3	  -29280.3
1118	   -427284	  -29328.7	  -29336.4	  -29336.4	  -29336.4
1119	   -427288	    -29333	  -29447.7	  -29447.7	  -29447.7
1120	   -427353	  -29398.1	  -29657.1	  -29657.1	  -29657.1
1121	   -427963	  -30008.3	  -29936.3	  -29936.3	  -29936.3
1122	   -428498	  -30542.6	  -30160.3	  -30160.3	  -30160.3
1123	   -428302	  -30346.4	  -30227.3	  -30227.3	  -30227.3
1124	   -428103	  -30148.1	  -30159.7	  -30159.7	  -30159.7
1125	   -427987	  -30032.1	  -30044.7	  -30044.7	  -30044.7
1126	   -427831	    -29876	  -29944.4	  -29944.4	  -29944.4
1127	   -427807	  -29852.2	  -29879.3	  -29879.3	  -29879.3
1128	   -427783	  -29828.3	  -29843.3	  -29843.3	  -29843.3
1129	   -427795	  -29840.3	  -29816.9	  -29816.9	  -29816.9
1130	   -427765	  -29809.9	  -29785.3	  -29785.3	  -29785.3
1131	   -427678	  -29723.2	  -29753.4	  -29753.4	  -29753.4
1132	   -427633	  -29677.7	  -29742.4	  -29742.4	  -29742.4
1133	   -427688	    -29733	  -29763.1	  -29763.1	  -29763.1
1134	   -427783	  -29828.3	  -29797.1	  -29797.1	  -29797.1
1135	   -427869	    -29914	  -29814.4	  -29814.4	  -29814.4
1136	   -427709	  -29753.6	  -29815.8	  -29815.8	  -29815.8
1137	   -427678	  -29723.2	  -29832.4	  -29832.4	  -29832.4
1138	   -427898	  -29943.2	  -29870.6	  -29870.6	  -29870.6
1139	   -427929	  -29973.6	  -29901.1	  -29901.1	  -29901.1
1140	   -427827	  -29871.7	  -29915.5	  -29915.5	  -29915.5
1141	   -427807	  -29852.2	    -29942	    -29942	    -29942
1142	   -427973	    -30018	  -29996.2	  -29996.2	  -29996.2
1143	   -428066	  -30111.2	    -30076	    -30076	    -30076
1144	   -427990	  -30035.3	  -30222.2	  -30222.2	  -30222.2
1145	   -428104	  -30149.2	  -30522.4	  -30522.4	  -30522.4
1146	   -428818	  -30863.4	  -30992.4	  -30992.4	  -30992.4
1147	   -429857	  -31901.7	  -31494.3	  -31494.3	  -31494.3
1148	   -430049	  -32093.5	  -31856.1	  -31856.1	  -31856.1
1149	   -430039	  -32083.7	  -32040.2	  -32040.2	  -32040.2
1150	   -430049	  -32093.5	  -32123.9	  -32123.9	  -32123.9
1151	   -430152	  -32196.4	  -32165.3	  -32165.3	  -32165.3
1152	   -430253	  -32298.3	  -32145.6	  -32145.6	  -32145.6
1153	   -430179	  -32223.5	  -32017.2	  -32017.2	  -32017.2
1154	   -429747	  -31792.2	  -31780.8	  -31780.8	  -31780.8
1155	   -429382	  -31426.9	  -31497.8	  -31497.8	  -31497.8
1156	   -429156	  -31200.4	  -31233.5	  -31233.5	  -31233.5
1157	   -428913	  -30957.7	  -31023.4	  -31023.4	  -31023.4
1158	   -428708	  -30752.8	  -30887.3	  -30887.3	  -30887.3
1159	   -428711	  -30756.1	  -30823.1	  -30823.1	  -30823.1
1160	   -428864	  -30908.9	  -30786.7	  -30786.7	  -30786.7
1161	   -428747	  -30791.8	  -30734.1	  -30734.1	  -30734.1
1162	   -428474	  -30518.7	  -30678.8	  -30678.8	  -30678.8
1163	   -428576	  -30620.6	  -30655.6	  -30655.6	  -30655.6
1164	   -428717	  -30761.5	  -30655.6	  -30655.6	  -30655.6
1165	   -428576	  -30620.6	  -30655.9	  -30655.9	  -30655.9
1166	   -428533	  -30578.3	    -30669	    -30669	    -30669
1167	   -428657	  -30701.9	  -30713.6	  -30713.6	  -30713.6
1168	   -428779	  -30824.3	  -30788.3	  -30788.3	  -30788.3
1169	   -428765	  -30810.3	  -30920.5	  -30920.5	  -30920.5
1170	   -428757	  -30801.6	  -31192.9	  -31192.9	  -31192.9
1171	   -429397	  -31442.1	  -31641.7	  -31641.7	  -31641.7
1172	   -430490	  -32534.6	  -32150.5	  -32150.5	  -32150.5
1173	   -430743	  -32788.2	  -32542.4	  -32542.4	  -32542.4
1174	   -430755	  -32800.1	  -32755.6	  -32755.6	  -32755.6
1175	   -430881	  -32925.8	  -32841.2	  -32841.2	  -32841.2
1176	   -430850	  -32894.4	  -32862.5	  -32862.5	  -32862.5
1177	   -430740	  -32784.9	  -32857.6	  -32857.6	  -32857.6
1178	   -430855	  -32899.8	  -32819.5	  -32819.5	  -32819.5
1179	   -430943	  -32987.6	    -32689	    -32689	    -32689
1180	   -430489	  -32533.5	  -32435.4	  -32435.4	  -32435.4
1181	   -429867	  -31911.4	  -32131.8	  -32131.8	  -32131.8
1182	   -429718	  -31762.9	  -31880.2	  -31880.2	  -31880.2
1183	   -429717	  -31761.8	  -31702.1	  -31702.1	  -31702.1
1184	   -429497	  -31541.8	  -31569.5	  -31569.5	  -31569.5
1185	   -429278	  -31322.9	  -31485.6	  -31485.6	  -31485.6
1186	   -429363	  -31407.4	  -31460.3	  -31460.3	  -31460.3
1187	   -429563	  -31607.9	  -31452.4	  -31452.4	  -31452.4
1188	   -429435	  -31480.1	  -31413.4	  -31413.4	  -31413.4
1189	   -429157	  -31201.5	  -31362.3	  -31362.3	  -31362.3
1190	   -429240	    -31285	  -31347.4	  -31347.4	  -31347.4
1191	   -429397	  -31442.1	  -31366.3	  -31366.3	  -31366.3
1192	   -429373	  -31418.3	  -31387.1	  -31387.1	  -31387.1
1193	   -429281	  -31326.2	  -31423.1	  -31423.1	  -31423.1
1194	   -429334	  -31379.3	  -31544.6	  -31544.6	  -31544.6
1195	   -429472	  -31516.9	    -31825	    -31825	    -31825
1196	   -430134	  -32179.1	  -32264.2	  -32264.2	  -32264.2
1197	   -430906	  -32950.8	  -32755.6	  -32755.6	  -32755.6
1198	   -431348	    -33393	  -33161.8	  -33161.8	  -33161.8
1199	   -431459	  -33503.5	  -33419.3	  -33419.3	  -33419.3
1200	   -431602	  -33646.6	  -33543.2	  -33543.2	  -33543.2
1201	   -431623	  -33668.3	  -33570.2	  -33570.2	  -33570.2
1202	   -431456	  -33501.3	  -33533.7	  -33533.7	  -33533.7
1203	   -431439	    -33484	  -33445.4	  -33445.4	  -33445.4
1204	   -431495	  -33540.3	  -33275.9	  -33275.9	  -33275.9
1205	   -431014	  -33059.2	  -33010.5	  -33010.5	  -33010.5
1206	   -430501	  -32545.4	    -32719	    -32719	    -32719
1207	   -430257	  -32301.6	  -32498.7	  -32498.7	  -32498.7
1208	   -430362	  -32406.7	  -32367.9	  -32367.9	  -32367.9
1209	   -430322	  -32366.6	  -32275.2	  -32275.2	  -32275.2
1210	   -430007	  -32052.3	  -32197.8	  -32197.8	  -32197.8
1211	   -430049	  -32093.5	  -32153.1	  -32153.1	  -32153.1
1212	   -430180	  -32224.6	  -32132.1	  -32132.1	  -32132.1
1213	   -430093	  -32137.9	  -32104.8	  -32104.8	  -32104.8
1214	   -429932	  -31976.4	    -32078	    -32078	    -32078
1215	   -429981	  -32026.3	  -32079.7	  -32079.7	  -32079.7
1216	   -430113	  -32157.4	  -32105.5	  -32105.5	  -32105.5
1217	   -430127	  -32171.5	  -32129.8	  -32129.8	  -32129.8
1218	   -430049	  -32093.5	  -32160.4	  -32160.4	  -32160.4
1219	   -430066	  -32110.8	  -32253.5	  -32253.5	  -32253.5
1220	   -430220	  -32264.7	  -32480.2	  -32480.2	  -32480.2
1221	   -430582	  -32626.7	  -32870.4	  -32870.4	  -32870.4
1222	   -431425	  -33469.9	  -33357.2	  -33357.2	  -33357.2
1223	   -432056	  -34100.7	  -33795.8	  -33795.8	  -33795.8
1224	   -432178	  -34223.2	  -34079.4	  -34079.4	  -34079.4
1225	   -432255	  -34300.1	  -34210.1	  -34210.1	  -34210.1
1226	   -432202	    -34247	  -34254.2	  -34254.2	  -34254.2
1227	   -432184	  -34228.6	  -34267.8	  -34267.8	  -34267.8
1228	   -432288	  -34332.6	  -34250.3	  -34250.3	  -34250.3
1229	   -432335	  -34380.3	  -34150.4	  -34150.4	  -34150.4
1230	   -432004	  -34048.7	  -33939.2	  -33939.2	  -33939.2
1231	   -431474	  -33518.7	  -33665.9	  -33665.9	  -33665.9
1232	   -431325	  -33370.2	  -33404.7	  -33404.7	  -33404.7
1233	   -431174	  -33218.5	  -33185.9	  -33185.9	  -33185.9
1234	   -430830	  -32874.9	  -33019.9	  -33019.9	  -33019.9
1235	   -430756	  -32801.2	  -32921.4	  -32921.4	  -32921.4
1236	   -430917	  -32961.6	  -32869.8	  -32869.8	  -32869.8
1237	   -430852	  -32896.6	    -32822	    -32822	    -32822
1238	   -430572	    -32617	  -32779.1	  -32779.1	  -32779.1
1239	   -430674	  -32718.8	  -32769.4	  -32769.4	  -32769.4
1240	   -430865	  -32909.6	  -32779.6	  -32779.6	  -32779.6
1241	   -430727	  -32771.9	  -32779.6	  -32779.6	  -32779.6
1242	   -430637	    -32682	  -32782.3	  -32782.3	  -32782.3
1243	   -430741	    -32786	  -32821.2	  -32821.2	  -32821.2
1244	   -430872	  -32917.2	  -32920.8	  -32920.8	  -32920.8
1245	   -430829	  -32873.8	  -33135.1	  -33135.1	  -33135.1
1246	   -431055	  -33100.3	  -33527.1	  -33527.1	  -33527.1
1247	   -432234	  -34278.4	  -34040.3	  -34040.3	  -34040.3
1248	   -432858	  -34902.7	  -34492.5	  -34492.5	  -34492.5
1249	   -432765	  -34809.5	    -34768	    -34768	    -34768
1250	   -432871	  -34915.7	  -34901.3	  -34901.3	  -34901.3
1251	   -433010	  -35054.4	  -34959.2	  -34959.2	  -34959.2
1252	   -432959	  -35003.5	  -34966.9	  -34966.9	  -34966.9
1253	   -432871	  -34915.7	  -34927.6	  -34927.6	  -34927.6
1254	   -432926	    -34971	  -34820.7	  -34820.7	  -34820.7
1255	   -432801	  -34846.3	  -34609.5	  -34609.5	  -34609.5
1256	   -432202	    -34247	  -34311.9	  -34311.9	  -34311.9
1257	   -431789	  -33834.1	  -34022.3	  -34022.3	  -34022.3
1258	   -431662	  -33707.3	  -33821.8	  -33821.8	  -33821.8
1259	   -431666	  -33710.5	  -33708.3	  -33708.3	  -33708.3
1260	   -431613	  -33657.4	  -33633.6	  -33633.6	  -33633.6
1261	   -431507	  -33552.3	  -33569.7	  -33569.7	  -33569.7
1262	   -431412	  -33456.9	  -33521.8	  -33521.8	  -33521.8
1263	   -431448	  -33492.7	  -33495.9	  -33495.9	  -33495.9
1264	   -431480	  -33525.2	  -33480.5	  -33480.5	  -33480.5
1265	   -431389	  -33434.1	  -33469.3	  -33469.3	  -33469.3
1266	   -431364	  -33409.2	  -33474.4	  -33474.4	  -33474.4
1267	   -431472	  -33516.5	  -33501.4	  -33501.4	  -33501.4
1268	   -431527	  -33571.8	    -33546	    -33546	    -33546
1269	   -431474	  -33518.7	  -33637.3	  -33637.3	  -33637.3
1270	   -431513	  -33557.7	  -33851.9	  -33851.9	  -33851.9
1271	   -431959	  -34004.2	  -34236.1	  -34236.1	  -34236.1
1272	   -432851	  -34896.2	  -34716.8	  -34716.8	  -34716.8
1273	   -433365	  -35409.9	  -35146.5	  -35146.5	  -35146.5
1274	   -433454	  -35498.8	  -35438.3	  -35438.3	  -35438.3
1275	   -433647	  -35691.7	  -35599.7	  -35599.7	  -35599.7
1276	   -433741	    -35786	  -35664.1	  -35664.1	  -35664.1
1277	   -433606	  -35650.5	  -35662.1	  -35662.1	  -35662.1
1278	   -433537	  -35582.2	  -35615.2	  -35615.2	  -35615.2
1279	   -433691	  -35736.1	  -35498.9	  -35498.9	  -35498.9
1280	   -433439	  -35483.6	    -35274	    -35274	    -35274
1281	   -432746	  -34791.1	  -34982.5	  -34982.5	  -34982.5
1282	   -432501	  -34546.1	  -34728.8	  -34728.8	  -34728.8
1283	   -432547	  -34591.6	  -34554.9	  -34554.9	  -34554.9
1284	   -432431	  -34475.7	  -34426.5	  -34426.5	  -34426.5
1285	   -432145	  -34189.6	  -34326.9	  -34326.9	  -34326.9
1286	   -432150	    -34195	  -34270.2	  -34270.2	  -34270.2
1287	   -432307	  -34352.1	  -34242.6	  -34242.6	  -34242.6
1288	   -432169	  -34213.4	    -34214	    -34214	    -34214
1289	   -432043	  -34087.7	  -34187.7	  -34187.7	  -34187.7
1290	   -432160	  -34204.7	    -34179	    -34179	    -34179
1291	   -432173	  -34217.7	  -34181.3	  -34181.3	  -34181.3
1292	   -432087	  -34132.1	  -34191.8	  -34191.8	  -34191.8
1293	   -432119	  -34163.5	  -34224.5	  -34224.5	  -34224.5
1294	   -432280	    -34325	  -34290.2	  -34290.2	  -34290.2
1295	   -432287	  -34331.5	  -34419.9	  -34419.9	  -34419.9
1296	   -432236	  -34280.6	  -34695.8	  -34695.8	  -34695.8
1297	   -432861	  -34905.9	  -35157.7	  -35157.7	  -35157.7
1298	   -434089	  -36133.9	  -35674.8	  -35674.8	  -35674.8
1299	   -434353	  -36398.3	  -36043.8	  -36043.8	  -36043.8
1300	   -434151	  -36195.7	  -36216.5	  -36216.5	  -36216.5
1301	   -434105	  -36150.2	  -36299.9	  -36299.9	  -36299.9
1302	   -434452	    -36497	  -36367.1	  -36367.1	  -36367.1
1303	   -434495	  -36540.3	  -36402.4	  -36402.4	  -36402.4
1304	   -434245	  -36289.9	  -36405.8	  -36405.8	  -36405.8
1305	   -434286	  -36331.1	    -36420	    -36420	    -36420
1306	   -434502	  -36546.8	  -36454.3	  -36454.3	  -36454.3
1307	   -434501	  -36545.7	  -36480.1	  -36480.1	  -36480.1
1308	   -434340	  -36385.3	  -36498.2	  -36498.2	  -36498.2
1309	   -434452	    -36497	  -36531.7	  -36531.7	  -36531.7
1310	   -434641	  -36685.5	  -36571.3	  -36571.3	  -36571.3
1311	   -434552	  -36596.7	  -36593.6	  -36593.6	  -36593.6
1312	   -434489	  -36533.8	  -36608.7	  -36608.7	  -36608.7
1313	   -434590	  -36634.6	  -36636.5	  -36636.5	  -36636.5
1314	   -434674	  -36719.1	  -36671.2	  -36671.2	  -36671.2
1315	   -434655	  -36699.6	    -36702	    -36702	    -36702
1316	   -434622	  -36667.1	  -36736.5	  -36736.5	  -36736.5
1317	   -434760	  -36804.8	  -36777.2	  -36777.2	  -36777.2
1318	   -434858	  -36903.4	    -36804	    -36804	    -36804
1319	   -434739	  -36784.2	  -36813.2	  -36813.2	  -36813.2
1320	   -434656	  -36700.7	    -36836	    -36836	    -36836
1321	   -434865	  -36909.9	  -36882.6	  -36882.6	  -36882.6
1322	   -435069	  -37113.6	  -36915.1	  -36915.1	  -36915.1
1323	   -434777	  -36822.1	  -36920.1	  -36920.1	  -36920.1
1324	   -434723	  -36767.9	  -36941.1	  -36941.1	  -36941.1
1325	   -435068	  -37112.6	  -36992.6	  -36992.6	  -36992.6
1326	   -435100	  -37145.1	  -37034.1	  -37034.1	  -37034.1
1327	   -434896	  -36941.3	    -37056	    -37056	    -37056
1328	   -434967	  -37011.8	    -37091	    -37091	    -37091
1329	   -435216	    -37261	  -37136.7	  -37136.7	  -37136.7
1330	   -435183	  -37227.4	  -37161.3	  -37161.3	  -37161.3
1331	   -435004	  -37048.6	  -37171.8	  -37171.8	  -37171.8
1332	   -435118	  -37162.4	  -37198.1	  -37198.1	  -37198.1
1333	   -435313	  -37357.5	  -37231.8	  -37231.8	  -37231.8
1334	   -435193	  -37238.3	  -37252.3	  -37252.3	  -37252.3
1335	   -435121	  -37165.7	  -37275.5	  -37275.5	  -37275.5
1336	   -435288	  -37332.6	  -37316.5	  -37316.5	  -37316.5
1337	   -435430	  -37474.5	    -37351	    -37351	    -37351
1338	   -435300	  -37344.5	  -37362.2	  -37362.2	  -37362.2
1339	   -435207	  -37252.4	  -37378.8	  -37378.8	  -37378.8
1340	   -435381	  -37425.8	  -37423.9	  -37423.9	  -37423.9
1341	   -435540	  -37585.1	  -37471.9	  -37471.9	  -37471.9
1342	   -435463	  -37508.2	  -37495.2	  -37495.2	  -37495.2
1343	   -435366	  -37410.6	  -37509.7	  -37509.7	  -37509.7
1344	   -435507	  -37551.5	  -37537.6	  -37537.6	  -37537.6
1345	   -435591	    -37636	  -37569.3	  -37569.3	  -37569.3
1346	   -435520	  -37564.5	  -37591.9	  -37591.9	  -37591.9
1347	   -435534	  -37578.6	  -37614.9	  -37614.9	  -37614.9
1348	   -435614	  -37658.8	  -37646.9	  -37646.9	  -37646.9
1349	   -435662	  -37706.5	  -37680.5	  -37680.5	  -37680.5
1350	   -435646	  -37691.3	    -37709	    -37709	    -37709
1351	   -435691	  -37735.8	    -37731	    -37731	    -37731
1352	   -435755	  -37799.7	  -37744.4	  -37744.4	  -37744.4
1353	   -435666	  -37710.8	  -37757.2	  -37757.2	  -37757.2
1354	   -435654	  -37698.9	  -37790.3	  -37790.3	  -37790.3
1355	   -435846	  -37890.7	  -37843.5	  -37843.5	  -37843.5
1356	   -435929	  -37974.2	  -37886.2	  -37886.2	  -37886.2
1357	   -435844	  -37888.6	    -37905	    -37905	    -37905
1358	   -435797	    -37842	  -37923.3	  -37923.3	  -37923.3
1359	   -435926	  -37970.9	    -37958	    -37958	    -37958
1360	   -436012	  -38056.5	  -37992.1	  -37992.1	  -37992.1
1361	   -435979	    -38024	  -38008.4	  -38008.4	  -38008.4
1362	   -435920	  -37964.4	  -38019.8	  -38019.8	  -38019.8
1363	   -435961	  -38005.6	  -38048.3	  -38048.3	  -38048.3
1364	   -436080	  -38124.8	  -38089.3	  -38089.3	  -38089.3
1365	   -436146	  -38190.9	  -38119.4	  -38119.4	  -38119.4
1366	   -436052	  -38096.7	  -38137.1	  -38137.1	  -38137.1
1367	   -436021	  -38066.3	  -38166.8	  -38166.8	  -38166.8
1368	   -436244	  -38288.5	  -38212.4	  -38212.4	  -38212.4
1369	   -436262	  -38306.9	  -38249.6	  -38249.6	  -38249.6
1370	   -436173	    -38218	  -38271.6	  -38271.6	  -38271.6
1371	   -436223	  -38267.9	  -38294.8	  -38294.8	  -38294.8
1372	   -436327	  -38371.9	  -38320.6	  -38320.6	  -38320.6
1373	   -436326	  -38370.8	  -38337.6	  -38337.6	  -38337.6
1374	   -436234	  -38278.7	  -38355.2	  -38355.2	  -38355.2
1375	   -436295	  -38339.4	  -38390.8	  -38390.8	  -38390.8
1376	   -436491	  -38535.6	  -38429.4	  -38429.4	  -38429.4
1377	   -436467	  -38511.8	  -38445.4	  -38445.4	  -38445.4
1378	   -436271	  -38315.6	  -38456.9	  -38456.9	  -38456.9
1379	   -436376	  -38420.7	  -38498.4	  -38498.4	  -38498.4
1380	   -436668	  -38713.3	  -38551.1	  -38551.1	  -38551.1
1381	   -436596	  -38640.7	  -38571.3	  -38571.3	  -38571.3
1382	   -436395	  -38440.2	  -38571.7	  -38571.7	  -38571.7
1383	   -436490	  -38534.5	  -38597.2	  -38597.2	  -38597.2
1384	   -436674	  -38718.8	  -38645.9	  -38645.9	  -38645.9
1385	   -436716	    -38761	  -38680.5	  -38680.5	  -38680.5
1386	   -436588	  -38633.1	  -38693.6	  -38693.6	  -38693.6
1387	   -436620	  -38664.6	  -38712.1	  -38712.1	  -38712.1
1388	   -436727	  -38771.8	  -38748.2	  -38748.2	  -38748.2
1389	   -436754	  -38798.9	  -38788.2	  -38788.2	  -38788.2
1390	   -436788	  -38832.5	  -38818.5	  -38818.5	  -38818.5
1391	   -436806	    -38851	  -38837.1	  -38837.1	  -38837.1
1392	   -436800	  -38844.5	  -38851.6	  -38851.6	  -38851.6
1393	   -436791	  -38835.8	  -38876.2	  -38876.2	  -38876.2
1394	   -436836	  -38881.3	  -38915.7	  -38915.7	  -38915.7
1395	   -437003	  -39048.2	  -38952.4	  -38952.4	  -38952.4
1396	   -436957	  -39001.6	  -38970.4	  -38970.4	  -38970.4
1397	   -436816	  -38860.7	    -38989	    -38989	    -38989
1398	   -436970	  -39014.6	  -39031.1	  -39031.1	  -39031.1
1399	   -437151	  -39195.6	  -39074.6	  -39074.6	  -39074.6
1400	   -437091	    -39136	  -39090.1	  -39090.1	  -39090.1
1401	   -436920	  -38964.8	  -39097.1	  -39097.1	  -39097.1
1402	   -437042	  -39087.3	  -39129.3	  -39129.3	  -39129.3
1403	   -437253	  -39297.5	  -39172.9	  -39172.9	  -39172.9
1404	   -437167	  -39211.9	  -39196.9	  -39196.9	  -39196.9
1405	   -437084	  -39128.4	  -39209.6	  -39209.6	  -39209.6
1406	   -437180	  -39224.9	  -39234.4	  -39234.4	  -39234.4
1407	   -437285	    -39330	  -39267.6	  -39267.6	  -39267.6
1408	   -437227	  -39271.5	  -39297.5	  -39297.5	  -39297.5
1409	   -437236	  -39281.3	  -39326.9	  -39326.9	  -39326.9
1410	   -437392	  -39437.3	  -39354.9	  -39354.9	  -39354.9
1411	   -437322	  -39366.9	  -39377.2	  -39377.2	  -39377.2
1412	   -437260	  -39305.1	  -39405.2	  -39405.2	  -39405.2
1413	   -437465	  -39509.9	    -39441	    -39441	    -39441
1414	   -437501	  -39545.7	  -39462.4	  -39462.4	  -39462.4
1415	   -437367	  -39412.4	  -39468.8	  -39468.8	  -39468.8
1416	   -437334	  -39378.8	  -39491.7	  -39491.7	  -39491.7
1417	   -437553	  -39597.7	  -39538.5	  -39538.5	  -39538.5
1418	   -437631	  -39675.8	  -39578.5	  -39578.5	  -39578.5
1419	   -437488	  -39532.7	  -39599.5	  -39599.5	  -39599.5
1420	   -437527	  -39571.7	  -39622.7	  -39622.7	  -39622.7
1421	   -437680	  -39724.5	  -39654.2	  -39654.2	  -39654.2
1422	   -437643	  -39687.7	  -39680.2	  -39680.2	  -39680.2
1423	   -437615	  -39659.5	  -39701.9	  -39701.9	  -39701.9
1424	   -437677	  -39722.3	  -39731.3	  -39731.3	  -39731.3
1425	   -437746	  -39790.6	    -39766	    -39766	    -39766
1426	   -437766	  -39811.2	    -39797	    -39797	    -39797
1427	   -437749	  -39793.9	  -39826.3	  -39826.3	  -39826.3
1428	   -437806	  -39851.3	  -39859.6	  -39859.6	  -39859.6
1429	   -437894	  -39939.1	  -39891.1	  -39891.1	  -39891.1
1430	   -437870	  -39915.3	  -39914.7	  -39914.7	  -39914.7
1431	   -437837	  -39881.7	  -39937.8	  -39937.8	  -39937.8
1432	   -437956	  -40000.9	  -39965.6	  -39965.6	  -39965.6
1433	   -437981	  -40025.8	  -39991.5	  -39991.5	  -39991.5
1434	   -437907	  -39952.1	  -40017.1	  -40017.1	  -40017.1
1435	   -438000	  -40045.3	  -40049.9	  -40049.9	  -40049.9
1436	   -438107	  -40151.5	  -40081.1	  -40081.1	  -40081.1
1437	   -438049	  -40094.1	  -40101.9	  -40101.9	  -40101.9
1438	   -438006	  -40050.8	  -40125.9	  -40125.9	  -40125.9
1439	   -438130	  -40175.4	  -40163.7	  -40163.7	  -40163.7
1440	   -438227	  -40271.8	  -40199.7	  -40199.7	  -40199.7
1441	   -438163	  -40207.9	  -40221.5	  -40221.5	  -40221.5
1442	   -438146	  -40190.6	  -40242.2	  -40242.2	  -40242.2
1443	   -438229	    -40274	    -40274	    -40274	    -40274
1444	   -438311	  -40356.4	  -40305.2	  -40305.2	  -40305.2
1445	   -438302	  -40346.6	  -40324.6	  -40324.6	  -40324.6
1446	   -438216	    -40261	  -40345.8	  -40345.8	  -40345.8
1447	   -438324	  -40369.4	  -40386.1	  -40386.1	  -40386.1
1448	   -438447	  -40491.8	  -40433.3	  -40433.3	  -40433.3
1449	   -438459	  -40503.8	  -40461.5	  -40461.5	  -40461.5
1450	   -438414	  -40459.3	  -40469.2	  -40469.2	  -40469.2
1451	   -438387	  -40432.3	  -40480.8	  -40480.8	  -40480.8
1452	   -438423	    -40468	  -40514.9	  -40514.9	  -40514.9
1453	   -438567	  -40612.2	  -40560.8	  -40560.8	  -40560.8
1454	   -438603	  -40647.9	  -40592.4	  -40592.4	  -40592.4
1455	   -438543	  -40588.3	  -40605.3	  -40605.3	  -40605.3
1456	   -438517	  -40562.3	  -40621.8	  -40621.8	  -40621.8
1457	   -438594	  -40639.3	  -40654.9	  -40654.9	  -40654.9
1458	   -438733	    -40778	  -40687.7	  -40687.7	  -40687.7
1459	   -438662	  -40706.4	  -40706.9	  -40706.9	  -40706.9
1460	   -438574	  -40618.7	  -40731.5	  -40731.5	  -40731.5
1461	   -438752	  -40796.4	  -40777.4	  -40777.4	  -40777.4
1462	   -438854	  -40899.3	  -40823.6	  -40823.6	  -40823.6
1463	   -438824	    -40869	  -40846.5	  -40846.5	  -40846.5
1464	   -438766	  -40810.5	  -40856.6	  -40856.6	  -40856.6
1465	   -438793	  -40837.6	  -40878.5	  -40878.5	  -40878.5
1466	   -438897	  -40941.6	  -40914.1	  -40914.1	  -40914.1
1467	   -438941	  -40986.1	    -40947	    -40947	    -40947
1468	   -438891	  -40936.2	  -40971.3	  -40971.3	  -40971.3
1469	   -438951	  -40995.8	  -40993.1	  -40993.1	  -40993.1
1470	   -439004	  -41048.9	  -41014.7	  -41014.7	  -41014.7
1471	   -438951	  -40995.8	  -41039.7	  -41039.7	  -41039.7
1472	   -438992	    -41037	  -41075.4	  -41075.4	  -41075.4
1473	   -439136	  -41181.2	  -41113.7	  -41113.7	  -41113.7
1474	   -439124	  -41169.2	  -41138.4	  -41138.4	  -41138.4
1475	   -439057	    -41102	  -41156.5	  -41156.5	  -41156.5
1476	   -439092	  -41136.7	  -41188.6	  -41188.6	  -41188.6
1477	   -439242	  -41287.3	  -41231.7	  -41231.7	  -41231.7
1478	   -439271	  -41315.5	  -41263.7	  -41263.7	  -41263.7
1479	   -439192	  -41236.4	  -41282.4	  -41282.4	  -41282.4
1480	   -439226	  -41271.1	  -41305.3	  -41305.3	  -41305.3
1481	   -439328	    -41373	  -41334.5	  -41334.5	  -41334.5
1482	   -439349	  -41393.6	  -41356.9	  -41356.9	  -41356.9
1483	   -439291	  -41336.1	  -41376.1	  -41376.1	  -41376.1
1484	   -439288	  -41332.9	  -41411.8	  -41411.8	  -41411.8
1485	   -439468	  -41512.8	  -41460.6	  -41460.6	  -41460.6
1486	   -439551	  -41596.3	  -41492.9	  -41492.9	  -41492.9
1487	   -439410	  -41455.3	  -41503.3	  -41503.3	  -41503.3
1488	   -439366	  -41410.9	  -41521.2	  -41521.2	  -41521.2
1489	   -439594	  -41638.5	  -41555.3	  -41555.3	  -41555.3
1490	   -439601	  -41646.1	  -41581.1	  -41581.1	  -41581.1
1491	   -439474	  -41519.3	  -41594.4	  -41594.4	  -41594.4
1492	   -439536	  -41581.1	  -41617.5	  -41617.5	  -41617.5
1493	   -439646	  -41690.5	  -41653.3	  -41653.3	  -41653.3
1494	   -439681	  -41726.3	  -41683.2	  -41683.2	  -41683.2
1495	   -439628	  -41673.2	  -41705.4	  -41705.4	  -41705.4
1496	   -439633	  -41677.5	    -41739	    -41739	    -41739
1497	   -439755	    -41800	  -41788.5	  -41788.5	  -41788.5
1498	   -439865	  -41909.5	  -41829.8	  -41829.8	  -41829.8
1499	   -439836	  -41881.3	  -41846.6	  -41846.6	  -41846.6
1500	   -439706	  -41751.2	  -41860.8	  -41860.8	  -41860.8
1501	   -439809	  -41854.2	  -41898.9	  -41898.9	  -41898.9
1502	   -440023	  -42067.7	  -41943.8	  -41943.8	  -41943.8
1503	   -439952	  -41997.3	  -41965.4	  -41965.4	  -41965.4
1504	   -439835	  -41880.2	  -41975.4	  -41975.4	  -41975.4
1505	   -439923	    -41968	  -42001.3	  -42001.3	  -42001.3
1506	   -440082	  -42127.3	  -42034.4	  -42034.4	  -42034.4
1507	   -440036	  -42080.7	  -42053.3	  -42053.3	  -42053.3
1508	   -439921	  -41965.8	  -42072.6	  -42072.6	  -42072.6
1509	   -440021	  -42065.5	  -42116.5	  -42116.5	  -42116.5
1510	   -440255	  -42299.6	  -42166.2	  -42166.2	  -42166.2
1511	   -440185	  -42230.3	  -42189.7	  -42189.7	  -42189.7
1512	   -440043	  -42088.3	  -42200.2	  -42200.2	  -42200.2
1513	   -440160	  -42205.3	  -42230.4	  -42230.4	  -42230.4
1514	   -440294	  -42338.6	  -42276.5	  -42276.5	  -42276.5
1515	   -440280	  -42324.6	  -42313.8	  -42313.8	  -42313.8
1516	   -440283	  -42327.8	  -42335.9	  -42335.9	  -42335.9
1517	   -440324	    -42369	  -42352.8	  -42352.8	  -42352.8
1518	   -440286	  -42331.1	  -42374.8	  -42374.8	  -42374.8
1519	   -440364	  -42409.1	  -42404.3	  -42404.3	  -42404.3
1520	   -440429	  -42474.1	  -42433.3	  -42433.3	  -42433.3
1521	   -440396	  -42440.5	  -42457.4	  -42457.4	  -42457.4
1522	   -440400	  -42444.8	  -42484.3	  -42484.3	  -42484.3
1523	   -440502	  -42546.7	    -42516	    -42516	    -42516
1524	   -440529	  -42573.8	  -42543.5	  -42543.5	  -42543.5
1525	   -440486	  -42530.5	  -42567.5	  -42567.5	  -42567.5
1526	   -440524	  -42568.4	    -42599	    -42599	    -42599
1527	   -440629	  -42673.5	  -42635.6	  -42635.6	  -42635.6
1528	   -440651	  -42696.3	  -42663.3	  -42663.3	  -42663.3
1529	   -440615	  -42659.4	  -42681.5	  -42681.5	  -42681.5
1530	   -440621	  -42665.9	  -42705.1	  -42705.1	  -42705.1
1531	   -440705	  -42749.4	  -42739.9	  -42739.9	  -42739.9
1532	   -440762	  -42806.8	  -42774.7	  -42774.7	  -42774.7
1533	   -440761	  -42805.8	  -42802.8	  -42802.8	  -42802.8
1534	   -440738	    -42783	  -42832.9	  -42832.9	  -42832.9
1535	   -440828	  -42872.9	  -42870.1	  -42870.1	  -42870.1
1536	   -440930	  -42974.8	  -42899.7	  -42899.7	  -42899.7
1537	   -440871	  -42916.3	  -42910.9	  -42910.9	  -42910.9
1538	   -440807	  -42852.4	  -42921.8	  -42921.8	  -42921.8
1539	   -440872	  -42917.4	  -42954.8	  -42954.8	  -42954.8
1540	   -440998	  -43043.1	  -43001.4	  -43001.4	  -43001.4
1541	   -441055	  -43099.5	  -43033.8	  -43033.8	  -43033.8
1542	   -440992	  -43036.6	  -43048.3	  -43048.3	  -43048.3
1543	   -440915	  -42959.7	  -43070.7	  -43070.7	  -43070.7
1544	   -441107	  -43151.5	  -43110.3	  -43110.3	  -43110.3
1545	   -441204	    -43249	  -43139.9	  -43139.9	  -43139.9
1546	   -441066	  -43111.4	  -43145.5	  -43145.5	  -43145.5
1547	   -441031	  -43075.6	  -43154.5	  -43154.5	  -43154.5
1548	   -441120	  -43164.5	  -43190.5	  -43190.5	  -43190.5
1549	   -441266	  -43310.8	  -43237.1	  -43237.1	  -43237.1
1550	   -441250	  -43294.6	  -43269.5	  -43269.5	  -43269.5
1551	   -441193	  -43238.2	    -43293	    -43293	    -43293
1552	   -441256	  -43301.1	  -43326.6	  -43326.6	  -43326.6
1553	   -441358	  -43402.9	  -43367.3	  -43367.3	  -43367.3
1554	   -441402	  -43447.4	  -43397.1	  -43397.1	  -43397.1
1555	   -441337	  -43382.3	  -43416.7	  -43416.7	  -43416.7
1556	   -441334	  -43379.1	  -43444.9	  -43444.9	  -43444.9
1557	   -441487	  -43531.9	  -43483.7	  -43483.7	  -43483.7
1558	   -441529	  -43574.2	  -43513.6	  -43513.6	  -43513.6
1559	   -441437	  -43482.1	  -43529.9	  -43529.9	  -43529.9
1560	   -441478	  -43523.2	  -43550.3	  -43550.3	  -43550.3
1561	   -441547	  -43591.5	  -43581.7	  -43581.7	  -43581.7
1562	   -441599	  -43643.5	  -43612.2	  -43612.2	  -43612.2
1563	   -441593	  -43638.1	    -43636	    -43636	    -43636
1564	   -441562	  -43606.7	  -43663.5	  -43663.5	  -43663.5
1565	   -441669	    -43714	  -43701.3	  -43701.3	  -43701.3
1566	   -441729	  -43773.6	  -43737.1	  -43737.1	  -43737.1
1567	   -441740	  -43784.4	  -43755.8	  -43755.8	  -43755.8
1568	   -441708	    -43753	  -43763.3	  -43763.3	  -43763.3
1569	   -441668	  -43712.9	  -43782.4	  -43782.4	  -43782.4
1570	   -441760	    -43805	  -43824.2	  -43824.2	  -43824.2
1571	   -441895	  -43939.4	  -43868.9	  -43868.9	  -43868.9
1572	   -441904	  -43949.2	  -43891.2	  -43891.2	  -43891.2
1573	   -441785	  -43829.9	  -43900.3	  -43900.3	  -43900.3
1574	   -441818	  -43862.5	  -43926.1	  -43926.1	  -43926.1
1575	   -441966	  -44010.9	    -43972	    -43972	    -43972
1576	   -442025	  -44069.5	  -44012.1	  -44012.1	  -44012.1
1577	   -441980	    -44025	  -44034.7	  -44034.7	  -44034.7
1578	   -441968	  -44013.1	  -44056.6	  -44056.6	  -44056.6
1579	   -442013	  -44057.5	  -44092.4	  -44092.4	  -44092.4
1580	   -442170	  -44214.7	  -44128.7	  -44128.7	  -44128.7
1581	   -442133	  -44177.8	  -44148.2	  -44148.2	  -44148.2
1582	   -442018	    -44063	  -44164.9	  -44164.9	  -44164.9
1583	   -442143	  -44187.6	  -44199.5	  -44199.5	  -44199.5
1584	   -442274	  -44318.8	  -44239.4	  -44239.4	  -44239.4
1585	   -442239	  -44284.1	  -44262.1	  -44262.1	  -44262.1
1586	   -442171	  -44215.8	  -44273.6	  -44273.6	  -44273.6
1587	   -442244	  -44288.4	  -44292.6	  -44292.6	  -44292.6
1588	   -442301	  -44345.8	  -44320.2	  -44320.2	  -44320.2
1589	   -442288	  -44332.8	    -44350	    -44350	    -44350
1590	   -442318	  -44363.2	  -44381.3	  -44381.3	  -44381.3
1591	   -442404	  -44448.8	  -44409.4	  -44409.4	  -44409.4
1592	   -442410	  -44455.3	  -44428.2	  -44428.2	  -44428.2
1593	   -442342	    -44387	  -44449.2	  -44449.2	  -44449.2
1594	   -442383	  -44428.2	  -44489.2	  -44489.2	  -44489.2
1595	   -442581	  -44625.5	    -44536	    -44536	    -44536
1596	   -442591	  -44636.3	  -44561.1	  -44561.1	  -44561.1
1597	   -442427	  -44471.6	  -44569.3	  -44569.3	  -44569.3
1598	   -442519	  -44563.7	  -44590.1	  -44590.1	  -44590.1
1599	   -442614	  -44659.1	  -44627.8	  -44627.8	  -44627.8
1600	   -442639	    -44684	    -44663	    -44663	    -44663
1601	   -442651	  -44695.9	  -44686.3	  -44686.3	  -44686.3
1602	   -442629	  -44674.2	  -44707.1	  -44707.1	  -44707.1
1603	   -442686	  -44730.6	  -44735.3	  -44735.3	  -44735.3
1604	   -442737	  -44781.5	    -44770	    -44770	    -44770
1605	   -442754	  -44798.9	  -44804.9	  -44804.9	  -44804.9
1606	   -442801	  -44845.5	  -44835.1	  -44835.1	  -44835.1
1607	   -442840	  -44884.5	    -44857	    -44857	    -44857
1608	   -442814	  -44858.5	  -44874.2	  -44874.2	  -44874.2
1609	   -442811	  -44856.3	  -44897.7	  -44897.7	  -44897.7
1610	   -442906	  -44950.6	  -44929.5	  -44929.5	  -44929.5
1611	   -442946	  -44990.7	  -44958.6	  -44958.6	  -44958.6
1612	   -442922	  -44966.8	    -44982	    -44982	    -44982
1613	   -442930	  -44974.4	  -45012.7	  -45012.7	  -45012.7
1614	   -442984	  -45028.6	  -45057.9	  -45057.9	  -45057.9
1615	   -443134	  -45179.3	  -45100.1	  -45100.1	  -45100.1
1616	   -443137	  -45181.4	    -45120	    -45120	    -45120
1617	   -442976	    -45021	  -45135.3	  -45135.3	  -45135.3
1618	   -443051	  -45095.8	  -45177.7	  -45177.7	  -45177.7
1619	   -443325	    -45370	  -45232.7	  -45232.7	  -45232.7
1620	   -443285	  -45329.9	  -45261.4	  -45261.4	  -45261.4
1621	   -443107	  -45152.2	    -45269	    -45269	    -45269
1622	   -443235	  -45280.1	  -45287.9	  -45287.9	  -45287.9
1623	   -443325	    -45370	  -45320.2	  -45320.2	  -45320.2
1624	   -443295	  -45339.7	  -45348.7	  -45348.7	  -45348.7
1625	   -443321	  -45365.7	  -45371.3	  -45371.3	  -45371.3
1626	   -443351	    -45396	  -45396.3	  -45396.3	  -45396.3
1627	   -443357	  -45401.5	  -45429.2	  -45429.2	  -45429.2
1628	   -443428	    -45473	  -45466.8	  -45466.8	  -45466.8
1629	   -443499	  -45543.4	  -45496.1	  -45496.1	  -45496.1
1630	   -443487	  -45531.5	    -45510	    -45510	    -45510
1631	   -443413	  -45457.8	  -45523.7	  -45523.7	  -45523.7
1632	   -443466	  -45510.9	  -45555.4	  -45555.4	  -45555.4
1633	   -443633	  -45677.8	  -45595.4	  -45595.4	  -45595.4
1634	   -443594	  -45638.8	  -45622.5	  -45622.5	  -45622.5
1635	   -443549	  -45594.4	  -45638.8	  -45638.8	  -45638.8
1636	   -443612	  -45657.3	  -45660.4	  -45660.4	  -45660.4
1637	   -443654	  -45698.4	  -45690.9	  -45690.9	  -45690.9
1638	   -443671	  -45715.8	  -45724.8	  -45724.8	  -45724.8
1639	   -443719	  -45763.4	  -45758.6	  -45758.6	  -45758.6
1640	   -443758	  -45802.5	  -45790.9	  -45790.9	  -45790.9
1641	   -443761	  -45805.7	  -45822.7	  -45822.7	  -45822.7
1642	   -443807	  -45852.3	  -45854.6	  -45854.6	  -45854.6
1643	   -443879	  -45923.8	  -45882.7	  -45882.7	  -45882.7
1644	   -443839	  -45883.8	  -45907.3	  -45907.3	  -45907.3
1645	   -443848	  -45892.4	    -45937	    -45937	    -45937
1646	   -443978	  -46022.5	  -45970.8	  -45970.8	  -45970.8
