Data	etched_(Thermal_SiO2)_20sec_3
Recipe	SINGH
Site Name	
Points	476
X-Resolution	0.400000
X-Coord	13274.38
Y-Coord	-727.95
	       Raw	Intermediate	    Normal	 Roughness	  Waviness
1	-1.09876e+006	         0	   49.9594	   49.9594	   49.9594
2	-1.09873e+006	    31.375	   48.1899	   48.1899	   48.1899
3	-1.09864e+006	    119.25	   45.3315	   45.3315	   45.3315
4	-1.09871e+006	    50.875	   22.4489	   22.4489	   22.4489
5	-1.09883e+006	    -67.25	  -13.6088	  -13.6088	  -13.6088
6	-1.09881e+006	   -49.875	   -45.607	   -45.607	   -45.607
7	-1.0988e+006	   -33.625	  -72.1727	  -72.1727	  -72.1727
8	-1.0989e+006	  -134.375	  -97.4937	  -97.4937	  -97.4937
9	-1.09889e+006	   -125.75	  -119.259	  -119.259	  -119.259
10	-1.09888e+006	  -113.875	  -140.564	  -140.564	  -140.564
11	-1.09892e+006	  -160.375	  -171.535	  -171.535	  -171.535
12	-1.09895e+006	  -185.375	  -213.959	  -213.959	  -213.959
13	-1.09908e+006	  -314.375	  -254.583	  -254.583	  -254.583
14	-1.09908e+006	  -315.375	  -282.272	  -282.272	  -282.272
15	-1.09897e+006	   -209.25	  -308.173	  -308.173	  -308.173
16	-1.09913e+006	  -364.125	  -344.186	  -344.186	  -344.186
17	-1.09922e+006	  -460.625	  -376.362	  -376.362	  -376.362
18	-1.09913e+006	   -371.75	   -395.25	   -395.25	   -395.25
19	-1.09909e+006	  -325.125	  -419.813	  -419.813	  -419.813
20	-1.09927e+006	  -502.875	  -458.728	  -458.728	  -458.728
21	-1.09934e+006	  -576.625	   -490.66	   -490.66	   -490.66
22	-1.09921e+006	   -448.75	  -506.721	  -506.721	  -506.721
23	-1.09925e+006	  -489.875	  -526.353	  -526.353	  -526.353
24	-1.09934e+006	   -578.75	  -559.931	  -559.931	  -559.931
25	-1.09937e+006	  -605.875	  -595.992	  -595.992	  -595.992
26	-1.09941e+006	   -650.25	  -626.047	  -626.047	  -626.047
27	-1.09937e+006	   -603.75	  -658.061	  -658.061	  -658.061
28	-1.09945e+006	  -682.875	  -699.576	  -699.576	  -699.576
29	-1.09958e+006	   -817.25	  -737.169	  -737.169	  -737.169
30	-1.09954e+006	      -775	  -753.989	  -753.989	  -753.989
31	-1.09948e+006	  -716.375	  -761.308	  -761.308	  -761.308
32	-1.09949e+006	    -730.5	  -786.592	  -786.592	  -786.592
33	-1.09959e+006	   -824.75	  -833.897	  -833.897	  -833.897
34	-1.09974e+006	  -977.625	  -874.964	  -874.964	  -874.964
35	-1.09968e+006	  -915.875	  -888.663	  -888.663	  -888.663
36	-1.09956e+006	   -797.75	  -894.192	  -894.192	  -894.192
37	-1.09966e+006	  -893.125	  -919.936	  -919.936	  -919.936
38	-1.09978e+006	  -1018.75	  -959.249	  -959.249	  -959.249
39	-1.09978e+006	  -1018.75	  -989.412	  -989.412	  -989.412
40	-1.09972e+006	   -953.75	  -1010.58	  -1010.58	  -1010.58
41	-1.09981e+006	  -1044.75	  -1035.35	  -1035.35	  -1035.35
42	-1.09985e+006	  -1089.25	  -1062.69	  -1062.69	  -1062.69
43	-1.09983e+006	  -1068.63	   -1085.2	   -1085.2	   -1085.2
44	-1.09989e+006	  -1122.88	  -1101.57	  -1101.57	  -1101.57
45	-1.09988e+006	   -1118.5	  -1116.13	  -1116.13	  -1116.13
46	-1.09985e+006	     -1086	     -1139	     -1139	     -1139
47	-1.09993e+006	  -1166.25	  -1174.55	  -1174.55	  -1174.55
48	-1.10004e+006	  -1276.75	  -1208.36	  -1208.36	  -1208.36
49	 -1.1e+006	  -1239.88	  -1228.15	  -1228.15	  -1228.15
50	-1.09994e+006	  -1172.75	  -1248.27	  -1248.27	  -1248.27
51	-1.10002e+006	  -1256.13	  -1284.82	  -1284.82	  -1284.82
52	-1.10019e+006	  -1425.25	  -1322.24	  -1322.24	  -1322.24
53	-1.10013e+006	  -1362.38	  -1340.86	  -1340.86	  -1340.86
54	-1.10001e+006	  -1243.13	  -1356.61	  -1356.61	  -1356.61
55	-1.10015e+006	   -1390.5	  -1390.33	  -1390.33	  -1390.33
56	-1.10029e+006	  -1530.38	   -1427.5	   -1427.5	   -1427.5
57	-1.10018e+006	  -1414.38	  -1451.36	  -1451.36	  -1451.36
58	-1.10018e+006	  -1418.75	  -1475.62	  -1475.62	  -1475.62
59	-1.1003e+006	     -1538	  -1513.42	  -1513.42	  -1513.42
60	-1.10032e+006	  -1561.75	  -1553.66	  -1553.66	  -1553.66
61	-1.10038e+006	  -1620.25	  -1580.81	  -1580.81	  -1580.81
62	-1.10036e+006	  -1595.38	  -1595.77	  -1595.77	  -1595.77
63	-1.10031e+006	     -1552	  -1614.83	  -1614.83	  -1614.83
64	-1.10042e+006	  -1653.88	  -1646.51	  -1646.51	  -1646.51
65	-1.10049e+006	  -1727.63	  -1676.39	  -1676.39	  -1676.39
66	-1.10048e+006	  -1718.88	  -1690.56	  -1690.56	  -1690.56
67	-1.1004e+006	  -1633.25	  -1701.18	  -1701.18	  -1701.18
68	-1.10045e+006	  -1690.75	  -1726.79	  -1726.79	  -1726.79
69	-1.1006e+006	     -1836	  -1759.71	  -1759.71	  -1759.71
70	-1.10056e+006	     -1797	  -1783.97	  -1783.97	  -1783.97
71	-1.10049e+006	  -1728.63	  -1810.99	  -1810.99	  -1810.99
72	-1.10058e+006	  -1821.88	  -1858.98	  -1858.98	  -1858.98
73	-1.10076e+006	  -2001.75	  -1912.27	  -1912.27	  -1912.27
74	-1.10076e+006	  -1999.63	  -1941.52	  -1941.52	  -1941.52
75	-1.10065e+006	  -1886.88	  -1951.94	  -1951.94	  -1951.94
76	-1.10068e+006	  -1919.38	  -1971.65	  -1971.65	  -1971.65
77	-1.10083e+006	  -2063.63	  -2004.57	  -2004.57	  -2004.57
78	-1.10082e+006	  -2052.75	  -2034.37	  -2034.37	  -2034.37
79	-1.10077e+006	   -2011.5	  -2061.51	  -2061.51	  -2061.51
80	-1.10084e+006	  -2078.75	  -2097.56	  -2097.56	  -2097.56
81	-1.10094e+006	  -2181.75	  -2135.45	  -2135.45	  -2135.45
82	-1.10097e+006	  -2208.75	  -2158.45	  -2158.45	  -2158.45
83	-1.10088e+006	  -2113.38	  -2171.82	  -2171.82	  -2171.82
84	-1.10092e+006	  -2156.75	  -2196.95	  -2196.95	  -2196.95
85	-1.10103e+006	  -2267.38	  -2237.14	  -2237.14	  -2237.14
86	-1.10105e+006	  -2290.13	  -2274.09	  -2274.09	  -2274.09
87	-1.10109e+006	  -2329.13	   -2292.5	   -2292.5	   -2292.5
88	-1.10106e+006	     -2302	  -2295.15	  -2295.15	  -2295.15
89	-1.10101e+006	  -2246.75	  -2302.24	  -2302.24	  -2302.24
90	-1.10105e+006	   -2282.5	  -2332.21	  -2332.21	  -2332.21
91	-1.10119e+006	  -2422.38	  -2377.88	  -2377.88	  -2377.88
92	-1.10123e+006	   -2463.5	  -2416.97	  -2416.97	  -2416.97
93	-1.10117e+006	  -2403.88	  -2446.37	  -2446.37	  -2446.37
94	-1.10121e+006	     -2444	  -2480.35	  -2480.35	  -2480.35
95	-1.10133e+006	   -2567.5	  -2516.75	  -2516.75	  -2516.75
96	-1.10135e+006	  -2589.25	  -2537.35	  -2537.35	  -2537.35
97	-1.10128e+006	     -2521	  -2544.28	  -2544.28	  -2544.28
98	-1.10123e+006	  -2468.88	  -2564.86	  -2564.86	  -2564.86
99	-1.10137e+006	     -2612	  -2607.18	  -2607.18	  -2607.18
100	-1.10155e+006	  -2785.38	     -2640	     -2640	     -2640
101	-1.10138e+006	  -2621.75	   -2645.5	   -2645.5	   -2645.5
102	-1.10129e+006	   -2527.5	  -2656.97	  -2656.97	  -2656.97
103	-1.10144e+006	  -2674.88	  -2703.24	  -2703.24	  -2703.24
104	-1.10165e+006	  -2891.63	  -2756.92	  -2756.92	  -2756.92
105	-1.10159e+006	  -2823.38	  -2784.16	  -2784.16	  -2784.16
106	-1.10141e+006	  -2649.88	  -2803.65	  -2803.65	  -2803.65
107	-1.10162e+006	  -2855.88	  -2843.31	  -2843.31	  -2843.31
108	-1.10177e+006	  -3008.63	  -2884.21	  -2884.21	  -2884.21
109	-1.10164e+006	  -2879.63	  -2903.29	  -2903.29	  -2903.29
110	-1.1016e+006	  -2836.38	  -2918.34	  -2918.34	  -2918.34
111	-1.10173e+006	   -2967.5	  -2948.19	  -2948.19	  -2948.19
112	-1.1018e+006	  -3036.88	   -2979.9	   -2979.9	   -2979.9
113	-1.10175e+006	     -2988	  -3001.16	  -3001.16	  -3001.16
114	-1.10174e+006	     -2975	  -3023.27	  -3023.27	  -3023.27
115	-1.10182e+006	  -3054.13	  -3053.87	  -3053.87	  -3053.87
116	-1.10192e+006	  -3159.25	  -3077.58	  -3077.58	  -3077.58
117	-1.10185e+006	   -3084.5	  -3085.28	  -3085.28	  -3085.28
118	-1.10176e+006	     -3000	  -3099.82	  -3099.82	  -3099.82
119	-1.10188e+006	  -3114.88	  -3143.02	  -3143.02	  -3143.02
120	-1.10203e+006	  -3270.88	  -3196.43	  -3196.43	  -3196.43
121	-1.10206e+006	  -3300.25	  -3228.06	  -3228.06	  -3228.06
122	-1.10193e+006	  -3163.63	  -3242.57	  -3242.57	  -3242.57
123	-1.10197e+006	  -3210.25	  -3267.17	  -3267.17	  -3267.17
124	-1.10216e+006	  -3393.38	  -3300.59	  -3300.59	  -3300.59
125	-1.10211e+006	     -3349	  -3324.17	  -3324.17	  -3324.17
126	-1.10201e+006	  -3242.75	  -3347.67	  -3347.67	  -3347.67
127	-1.10214e+006	  -3373.88	  -3388.47	  -3388.47	  -3388.47
128	-1.10231e+006	  -3545.13	  -3428.54	  -3428.54	  -3428.54
129	-1.10222e+006	  -3457.38	  -3445.18	  -3445.18	  -3445.18
130	-1.10212e+006	  -3352.25	  -3454.94	  -3454.94	  -3454.94
131	-1.10226e+006	  -3493.13	  -3482.25	  -3482.25	  -3482.25
132	-1.10232e+006	  -3559.25	  -3519.46	  -3519.46	  -3519.46
133	-1.10231e+006	  -3547.25	  -3548.48	  -3548.48	  -3548.48
134	-1.10234e+006	  -3573.38	  -3568.95	  -3568.95	  -3568.95
135	-1.10233e+006	  -3571.13	  -3592.58	  -3592.58	  -3592.58
136	-1.10235e+006	  -3590.63	  -3626.32	  -3626.32	  -3626.32
137	-1.10248e+006	  -3716.38	  -3660.12	  -3660.12	  -3660.12
138	-1.10249e+006	     -3725	  -3677.45	  -3677.45	  -3677.45
139	-1.1024e+006	  -3635.13	  -3684.15	  -3684.15	  -3684.15
140	-1.10241e+006	  -3645.88	  -3704.95	  -3704.95	  -3704.95
141	-1.10252e+006	  -3760.75	   -3746.5	   -3746.5	   -3746.5
142	-1.1026e+006	     -3841	   -3789.3	   -3789.3	   -3789.3
143	-1.10257e+006	  -3810.63	  -3819.01	  -3819.01	  -3819.01
144	-1.10259e+006	  -3829.13	  -3843.12	  -3843.12	  -3843.12
145	-1.10262e+006	  -3856.13	  -3874.37	  -3874.37	  -3874.37
146	-1.10267e+006	  -3908.25	  -3912.98	  -3912.98	  -3912.98
147	-1.10276e+006	  -3997.13	  -3947.72	  -3947.72	  -3947.72
148	-1.10273e+006	  -3964.63	  -3972.18	  -3972.18	  -3972.18
149	-1.10272e+006	  -3961.38	  -3992.55	  -3992.55	  -3992.55
150	-1.10281e+006	  -4042.63	   -4011.9	   -4011.9	   -4011.9
151	-1.10282e+006	  -4057.75	  -4025.97	  -4025.97	  -4025.97
152	-1.10275e+006	  -3984.13	  -4043.42	  -4043.42	  -4043.42
153	-1.10278e+006	   -4015.5	  -4080.48	  -4080.48	  -4080.48
154	-1.10296e+006	  -4201.88	  -4125.93	  -4125.93	  -4125.93
155	-1.10301e+006	  -4249.63	  -4150.68	  -4150.68	  -4150.68
156	-1.10282e+006	  -4053.38	   -4161.9	   -4161.9	   -4161.9
157	-1.10286e+006	  -4095.75	  -4195.49	  -4195.49	  -4195.49
158	-1.10313e+006	  -4365.63	  -4248.49	  -4248.49	  -4248.49
159	-1.10311e+006	  -4346.13	  -4283.04	  -4283.04	  -4283.04
160	-1.103e+006	  -4233.38	  -4294.12	  -4294.12	  -4294.12
161	-1.10303e+006	  -4264.75	  -4310.09	  -4310.09	  -4310.09
162	-1.10314e+006	  -4374.25	  -4339.49	  -4339.49	  -4339.49
163	-1.10317e+006	  -4402.38	  -4366.23	  -4366.23	  -4366.23
164	-1.10312e+006	  -4356.88	  -4386.45	  -4386.45	  -4386.45
165	-1.10314e+006	   -4377.5	  -4415.66	  -4415.66	  -4415.66
166	-1.10321e+006	  -4446.88	  -4460.86	  -4460.86	  -4460.86
167	-1.10332e+006	  -4561.75	  -4506.23	  -4506.23	  -4506.23
168	-1.10334e+006	  -4572.63	  -4535.25	  -4535.25	  -4535.25
169	-1.10326e+006	  -4492.38	   -4556.8	   -4556.8	   -4556.8
170	-1.10332e+006	  -4561.75	  -4589.86	  -4589.86	  -4589.86
171	-1.10344e+006	  -4677.75	  -4628.98	  -4628.98	  -4628.98
172	-1.10347e+006	  -4704.75	  -4651.94	  -4651.94	  -4651.94
173	-1.1034e+006	  -4639.75	  -4657.62	  -4657.62	  -4657.62
174	-1.10336e+006	  -4599.63	  -4671.07	  -4671.07	  -4671.07
175	-1.10345e+006	  -4689.63	  -4706.83	  -4706.83	  -4706.83
176	-1.10359e+006	  -4831.63	  -4748.82	  -4748.82	  -4748.82
177	-1.10352e+006	  -4761.13	  -4779.96	  -4779.96	  -4779.96
178	-1.10352e+006	  -4760.13	  -4805.27	  -4805.27	  -4805.27
179	-1.10365e+006	     -4889	  -4829.36	  -4829.36	  -4829.36
180	-1.10362e+006	  -4860.88	  -4849.29	  -4849.29	  -4849.29
181	-1.10355e+006	     -4785	  -4876.27	  -4876.27	  -4876.27
182	-1.10368e+006	  -4919.38	  -4920.41	  -4920.41	  -4920.41
183	-1.10382e+006	  -5054.88	   -4963.1	   -4963.1	   -4963.1
184	-1.10376e+006	  -4996.38	  -4985.97	  -4985.97	  -4985.97
185	-1.10368e+006	  -4919.38	  -5005.37	  -5005.37	  -5005.37
186	-1.10379e+006	   -5024.5	  -5041.83	  -5041.83	  -5041.83
187	-1.10393e+006	  -5167.63	  -5081.72	  -5081.72	  -5081.72
188	-1.10389e+006	  -5124.25	   -5104.1	   -5104.1	   -5104.1
189	-1.10381e+006	  -5048.38	  -5120.88	  -5120.88	  -5120.88
190	-1.10388e+006	  -5116.63	  -5155.13	  -5155.13	  -5155.13
191	-1.10402e+006	  -5261.88	  -5198.87	  -5198.87	  -5198.87
192	-1.10404e+006	     -5277	  -5225.66	  -5225.66	  -5225.66
193	-1.10397e+006	  -5209.88	   -5233.7	   -5233.7	   -5233.7
194	-1.10395e+006	  -5184.88	  -5248.15	  -5248.15	  -5248.15
195	-1.10404e+006	  -5279.25	  -5283.15	  -5283.15	  -5283.15
196	-1.10413e+006	     -5367	  -5323.64	  -5323.64	  -5323.64
197	-1.10414e+006	     -5380	  -5349.88	  -5349.88	  -5349.88
198	-1.10411e+006	   -5347.5	  -5366.17	  -5366.17	  -5366.17
199	-1.10408e+006	   -5321.5	  -5394.67	  -5394.67	  -5394.67
200	-1.10421e+006	   -5451.5	  -5441.44	  -5441.44	  -5441.44
201	-1.10433e+006	  -5563.13	  -5483.29	  -5483.29	  -5483.29
202	-1.10428e+006	  -5520.88	  -5501.69	  -5501.69	  -5501.69
203	-1.10421e+006	  -5448.25	  -5512.19	  -5512.19	  -5512.19
204	-1.10426e+006	     -5496	  -5538.39	  -5538.39	  -5538.39
205	-1.1044e+006	  -5640.13	  -5573.67	  -5573.67	  -5573.67
206	-1.1044e+006	  -5640.13	  -5596.82	  -5596.82	  -5596.82
207	-1.1043e+006	  -5539.38	  -5612.63	  -5612.63	  -5612.63
208	-1.10437e+006	  -5609.75	  -5642.03	  -5642.03	  -5642.03
209	-1.1045e+006	  -5734.38	  -5683.77	  -5683.77	  -5683.77
210	-1.10449e+006	  -5725.75	  -5719.89	  -5719.89	  -5719.89
211	-1.10451e+006	  -5745.25	  -5744.28	  -5744.28	  -5744.28
212	-1.10453e+006	  -5769.13	  -5764.32	  -5764.32	  -5764.32
213	-1.10452e+006	  -5758.25	  -5788.04	  -5788.04	  -5788.04
214	-1.10458e+006	  -5816.75	  -5810.58	  -5810.58	  -5810.58
215	-1.10467e+006	  -5905.63	  -5801.12	  -5801.12	  -5801.12
216	-1.10461e+006	  -5847.13	  -5714.23	  -5714.23	  -5714.23
217	-1.10442e+006	  -5653.13	  -5529.48	  -5529.48	  -5529.48
218	-1.104e+006	  -5233.75	  -5279.76	  -5279.76	  -5279.76
219	-1.1037e+006	  -4938.88	  -5030.05	  -5030.05	  -5030.05
220	-1.10355e+006	  -4786.13	  -4824.74	  -4824.74	  -4824.74
221	-1.10341e+006	     -4643	     -4671	     -4671	     -4671
222	-1.10326e+006	  -4495.63	  -4565.84	  -4565.84	  -4565.84
223	-1.10321e+006	  -4443.63	  -4505.54	  -4505.54	  -4505.54
224	-1.10329e+006	  -4523.75	  -4467.78	  -4467.78	  -4467.78
225	-1.10325e+006	  -4482.63	  -4421.19	  -4421.19	  -4421.19
226	-1.10307e+006	  -4309.25	  -4364.53	  -4364.53	  -4364.53
227	-1.10301e+006	  -4249.63	  -4326.83	  -4326.83	  -4326.83
228	-1.10308e+006	     -4320	  -4323.02	  -4323.02	  -4323.02
229	-1.10312e+006	     -4358	  -4337.44	  -4337.44	  -4337.44
230	-1.10313e+006	   -4364.5	  -4352.86	  -4352.86	  -4352.86
231	-1.10309e+006	  -4329.75	  -4372.87	  -4372.87	  -4372.87
232	-1.10314e+006	  -4373.13	  -4407.76	  -4407.76	  -4407.76
233	-1.10326e+006	  -4495.63	  -4449.93	  -4449.93	  -4449.93
234	-1.10328e+006	  -4521.63	  -4481.49	  -4481.49	  -4481.49
235	-1.10323e+006	   -4468.5	   -4503.3	   -4503.3	   -4503.3
236	-1.10324e+006	  -4478.25	  -4530.72	  -4530.72	  -4530.72
237	-1.10339e+006	     -4630	  -4560.81	  -4560.81	  -4560.81
238	-1.1034e+006	  -4632.13	  -4578.26	  -4578.26	  -4578.26
239	-1.10325e+006	  -4482.63	  -4593.53	  -4593.53	  -4593.53
240	-1.10336e+006	  -4598.63	  -4628.38	  -4628.38	  -4628.38
241	-1.10352e+006	  -4761.13	  -4669.11	  -4669.11	  -4669.11
242	-1.10351e+006	     -4746	  -4686.56	  -4686.56	  -4686.56
243	-1.10337e+006	     -4604	  -4690.18	  -4690.18	  -4690.18
244	-1.10341e+006	  -4645.25	  -4712.98	  -4712.98	  -4712.98
245	-1.10358e+006	   -4817.5	  -4754.65	  -4754.65	  -4754.65
246	-1.10361e+006	  -4851.13	  -4785.33	  -4785.33	  -4785.33
247	-1.10352e+006	  -4753.63	  -4797.39	  -4797.39	  -4797.39
248	-1.10354e+006	  -4773.13	  -4811.15	  -4811.15	  -4811.15
249	-1.10362e+006	  -4860.88	  -4836.67	  -4836.67	  -4836.67
250	-1.10364e+006	  -4873.88	  -4866.23	  -4866.23	  -4866.23
251	-1.10364e+006	     -4875	  -4896.61	  -4896.61	  -4896.61
252	-1.10368e+006	  -4918.25	  -4930.34	  -4930.34	  -4930.34
253	-1.10377e+006	  -5003.88	  -4961.97	  -4961.97	  -4961.97
254	-1.10376e+006	  -4996.38	  -4985.53	  -4985.53	  -4985.53
255	-1.10372e+006	  -4954.13	  -5009.14	  -5009.14	  -5009.14
256	-1.1038e+006	  -5040.75	  -5040.19	  -5040.19	  -5040.19
257	-1.1039e+006	  -5138.38	  -5068.04	  -5068.04	  -5068.04
258	-1.10383e+006	  -5067.88	  -5085.47	  -5085.47	  -5085.47
259	-1.1038e+006	   -5037.5	  -5106.83	  -5106.83	  -5106.83
260	-1.10393e+006	  -5162.13	  -5139.95	  -5139.95	  -5139.95
261	-1.104e+006	  -5239.13	  -5168.98	  -5168.98	  -5168.98
262	-1.10392e+006	  -5158.88	  -5187.36	  -5187.36	  -5187.36
263	-1.10389e+006	  -5129.63	  -5213.44	  -5213.44	  -5213.44
264	-1.10406e+006	  -5300.88	  -5253.94	  -5253.94	  -5253.94
265	-1.10411e+006	  -5349.63	  -5290.98	  -5290.98	  -5290.98
266	-1.10402e+006	  -5261.88	  -5318.82	  -5318.82	  -5318.82
267	-1.10408e+006	   -5321.5	  -5349.37	  -5349.37	  -5349.37
268	-1.10422e+006	  -5454.75	   -5378.4	   -5378.4	   -5378.4
269	-1.10418e+006	  -5414.75	  -5392.33	  -5392.33	  -5392.33
270	-1.10409e+006	  -5331.25	  -5402.15	  -5402.15	  -5402.15
271	-1.10416e+006	   -5399.5	  -5430.22	  -5430.22	  -5430.22
272	-1.10426e+006	  -5501.38	  -5474.13	  -5474.13	  -5474.13
273	-1.10432e+006	  -5552.38	  -5512.67	  -5512.67	  -5512.67
274	-1.1043e+006	  -5532.88	  -5537.67	  -5537.67	  -5537.67
275	-1.10428e+006	  -5520.88	  -5559.27	  -5559.27	  -5559.27
276	-1.10438e+006	   -5618.5	  -5585.11	  -5585.11	  -5585.11
277	-1.10437e+006	  -5604.38	  -5615.03	  -5615.03	  -5615.03
278	-1.10436e+006	  -5601.13	  -5649.84	  -5649.84	  -5649.84
279	-1.10451e+006	  -5750.63	  -5682.87	  -5682.87	  -5682.87
280	-1.1045e+006	   -5735.5	  -5701.75	  -5701.75	  -5701.75
281	-1.10441e+006	     -5652	  -5713.79	  -5713.79	  -5713.79
282	-1.10447e+006	  -5707.38	   -5738.8	   -5738.8	   -5738.8
283	-1.10457e+006	  -5808.13	     -5776	     -5776	     -5776
284	-1.10461e+006	     -5846	   -5808.4	   -5808.4	   -5808.4
285	-1.10456e+006	  -5796.25	  -5832.84	  -5832.84	  -5832.84
286	-1.10461e+006	  -5842.75	  -5859.17	  -5859.17	  -5859.17
287	-1.10469e+006	  -5926.25	  -5887.21	  -5887.21	  -5887.21
288	-1.10468e+006	  -5915.38	  -5910.41	  -5910.41	  -5910.41
289	-1.10466e+006	  -5894.88	   -5933.5	   -5933.5	   -5933.5
290	-1.10472e+006	  -5956.63	  -5962.94	  -5962.94	  -5962.94
291	-1.10481e+006	   -6046.5	  -5991.28	  -5991.28	  -5991.28
292	-1.10476e+006	  -5997.75	  -6011.78	  -6011.78	  -6011.78
293	-1.10475e+006	     -5988	  -6032.38	  -6032.38	  -6032.38
294	-1.10486e+006	   -6097.5	  -6059.14	  -6059.14	  -6059.14
295	-1.10483e+006	  -6069.25	  -6085.45	  -6085.45	  -6085.45
296	-1.1049e+006	  -6134.38	  -6103.56	  -6103.56	  -6103.56
297	-1.1049e+006	  -6132.13	  -6116.36	  -6116.36	  -6116.36
298	-1.1048e+006	     -6040	  -6140.35	  -6140.35	  -6140.35
299	-1.10495e+006	  -6191.75	  -6183.49	  -6183.49	  -6183.49
300	-1.10508e+006	  -6320.75	  -6225.91	  -6225.91	  -6225.91
301	-1.10499e+006	  -6231.88	   -6252.9	   -6252.9	   -6252.9
302	-1.10496e+006	  -6197.25	  -6280.89	  -6280.89	  -6280.89
303	-1.10512e+006	  -6359.75	  -6320.64	  -6320.64	  -6320.64
304	-1.10518e+006	   -6421.5	   -6355.1	   -6355.1	   -6355.1
305	-1.10511e+006	  -6342.38	  -6375.78	  -6375.78	  -6375.78
306	-1.10511e+006	  -6351.13	  -6399.03	  -6399.03	  -6399.03
307	-1.10522e+006	     -6453	  -6432.65	  -6432.65	  -6432.65
308	-1.10527e+006	  -6509.38	  -6462.25	  -6462.25	  -6462.25
309	-1.10524e+006	  -6476.88	  -6479.76	  -6479.76	  -6479.76
310	-1.10521e+006	  -6444.25	  -6498.59	  -6498.59	  -6498.59
311	-1.10529e+006	  -6526.63	  -6529.93	  -6529.93	  -6529.93
312	-1.10538e+006	   -6614.5	  -6564.97	  -6564.97	  -6564.97
313	-1.10534e+006	  -6580.88	   -6594.4	   -6594.4	   -6594.4
314	-1.10534e+006	     -6582	  -6623.25	  -6623.25	  -6623.25
315	-1.10546e+006	  -6695.75	  -6651.84	  -6651.84	  -6651.84
316	-1.10548e+006	  -6714.13	   -6670.8	   -6670.8	   -6670.8
317	-1.10539e+006	  -6626.38	  -6687.36	  -6687.36	  -6687.36
318	-1.10542e+006	  -6655.63	  -6721.48	  -6721.48	  -6721.48
319	-1.10559e+006	     -6828	  -6764.61	  -6764.61	  -6764.61
320	-1.10567e+006	  -6903.88	  -6782.33	  -6782.33	  -6782.33
321	-1.10548e+006	  -6714.13	  -6773.02	  -6773.02	  -6773.02
322	-1.10541e+006	  -6645.88	   -6779.2	   -6779.2	   -6779.2
323	-1.10561e+006	   -6848.5	  -6819.39	  -6819.39	  -6819.39
324	-1.10574e+006	  -6979.75	  -6860.59	  -6860.59	  -6860.59
325	-1.10561e+006	  -6845.25	  -6882.22	  -6882.22	  -6882.22
326	-1.10556e+006	  -6799.75	  -6910.35	  -6910.35	  -6910.35
327	-1.10575e+006	   -6989.5	  -6962.13	  -6962.13	  -6962.13
328	-1.10586e+006	  -7097.88	  -7010.64	  -7010.64	  -7010.64
329	-1.10582e+006	  -7059.88	   -7031.4	   -7031.4	   -7031.4
330	-1.10572e+006	  -6954.75	  -7040.76	  -7040.76	  -7040.76
331	-1.10582e+006	  -7053.38	  -7062.99	  -7062.99	  -7062.99
332	-1.10592e+006	  -7159.63	  -7093.35	  -7093.35	  -7093.35
333	-1.10585e+006	  -7088.13	  -7119.92	  -7119.92	  -7119.92
334	-1.10588e+006	  -7118.38	  -7148.13	  -7148.13	  -7148.13
335	-1.10596e+006	  -7200.75	  -7181.49	  -7181.49	  -7181.49
336	-1.10601e+006	   -7248.5	  -7210.87	  -7210.87	  -7210.87
337	-1.10597e+006	   -7209.5	   -7235.6	   -7235.6	   -7235.6
338	-1.10597e+006	   -7209.5	  -7266.61	  -7266.61	  -7266.61
339	-1.10614e+006	  -7376.38	  -7301.77	  -7301.77	  -7301.77
340	-1.10611e+006	     -7346	  -7329.84	  -7329.84	  -7329.84
341	-1.10603e+006	     -7268	  -7357.74	  -7357.74	  -7357.74
342	-1.10619e+006	  -7431.63	  -7396.08	  -7396.08	  -7396.08
343	-1.10623e+006	  -7466.38	  -7434.81	  -7434.81	  -7434.81
344	-1.10622e+006	  -7457.63	  -7462.17	  -7462.17	  -7462.17
345	-1.10625e+006	  -7482.63	  -7481.98	  -7481.98	  -7481.98
346	-1.10625e+006	  -7490.13	  -7502.56	  -7502.56	  -7502.56
347	-1.10629e+006	  -7531.38	  -7527.43	  -7527.43	  -7527.43
348	-1.10631e+006	  -7547.63	  -7557.13	  -7557.13	  -7557.13
349	-1.10634e+006	     -7579	  -7590.37	  -7590.37	  -7590.37
350	-1.10641e+006	  -7647.38	  -7619.48	  -7619.48	  -7619.48
351	-1.10644e+006	  -7678.75	  -7635.11	  -7635.11	  -7635.11
352	-1.10637e+006	  -7608.25	  -7643.81	  -7643.81	  -7643.81
353	-1.10635e+006	     -7592	  -7664.32	  -7664.32	  -7664.32
354	-1.10652e+006	  -7761.13	  -7697.49	  -7697.49	  -7697.49
355	-1.10652e+006	     -7760	  -7728.27	  -7728.27	  -7728.27
356	-1.10643e+006	     -7669	  -7758.66	  -7758.66	  -7758.66
357	-1.10657e+006	  -7809.88	  -7796.81	  -7796.81	  -7796.81
358	-1.10669e+006	  -7929.13	  -7829.08	  -7829.08	  -7829.08
359	-1.10657e+006	  -7802.25	  -7848.01	  -7848.01	  -7848.01
360	-1.10655e+006	   -7791.5	  -7874.14	  -7874.14	  -7874.14
361	-1.10672e+006	   -7960.5	  -7915.89	  -7915.89	  -7915.89
362	-1.10678e+006	     -8019	  -7951.97	  -7951.97	  -7951.97
363	-1.1067e+006	     -7940	     -7973	     -7973	     -7973
364	-1.10671e+006	  -7944.25	  -7995.66	  -7995.66	  -7995.66
365	-1.10682e+006	  -8053.75	  -8025.09	  -8025.09	  -8025.09
366	-1.10689e+006	  -8129.63	   -8045.4	   -8045.4	   -8045.4
367	-1.10675e+006	  -7987.63	   -8059.5	   -8059.5	   -8059.5
368	-1.10675e+006	  -7983.25	  -8092.65	  -8092.65	  -8092.65
369	-1.10702e+006	   -8257.5	  -8139.51	  -8139.51	  -8139.51
370	-1.10701e+006	  -8248.88	  -8166.31	  -8166.31	  -8166.31
371	-1.10684e+006	  -8072.13	  -8177.65	  -8177.65	  -8177.65
372	-1.10688e+006	  -8116.63	  -8210.32	  -8210.32	  -8210.32
373	-1.10713e+006	  -8363.75	  -8258.91	  -8258.91	  -8258.91
374	-1.10717e+006	  -8402.75	   -8280.7	   -8280.7	   -8280.7
375	-1.10694e+006	  -8181.63	  -8276.75	  -8276.75	  -8276.75
376	-1.10692e+006	     -8160	  -8295.83	  -8295.83	  -8295.83
377	-1.10716e+006	   -8399.5	  -8347.86	  -8347.86	  -8347.86
378	-1.10733e+006	  -8571.75	  -8386.04	  -8386.04	  -8386.04
379	-1.10706e+006	  -8293.25	  -8396.22	  -8396.22	  -8396.22
380	-1.10703e+006	  -8262.88	  -8423.85	  -8423.85	  -8423.85
381	-1.10735e+006	  -8582.63	  -8482.65	  -8482.65	  -8482.65
382	-1.10742e+006	  -8657.38	  -8527.18	  -8527.18	  -8527.18
383	-1.10724e+006	  -8480.75	  -8541.36	  -8541.36	  -8541.36
384	-1.10719e+006	  -8424.38	  -8564.24	  -8564.24	  -8564.24
385	-1.10746e+006	  -8694.25	  -8608.93	  -8608.93	  -8608.93
386	-1.10752e+006	   -8761.5	  -8638.36	  -8638.36	  -8638.36
387	-1.10733e+006	  -8571.75	  -8640.09	  -8640.09	  -8640.09
388	-1.10731e+006	  -8551.25	  -8648.64	  -8648.64	  -8648.64
389	-1.1075e+006	  -8732.25	  -8680.27	  -8680.27	  -8680.27
390	-1.10754e+006	  -8773.38	   -8714.4	   -8714.4	   -8714.4
391	-1.10743e+006	     -8665	  -8742.95	  -8742.95	  -8742.95
392	-1.10753e+006	  -8765.75	  -8775.42	  -8775.42	  -8775.42
393	-1.10766e+006	  -8895.88	  -8803.27	  -8803.27	  -8803.27
394	-1.10757e+006	  -8811.38	  -8814.97	  -8814.97	  -8814.97
395	-1.10751e+006	  -8745.25	  -8828.37	  -8828.37	  -8828.37
396	-1.1076e+006	  -8840.63	  -8863.38	  -8863.38	  -8863.38
397	-1.10774e+006	  -8979.25	  -8904.81	  -8904.81	  -8904.81
398	-1.10773e+006	  -8971.75	  -8926.55	  -8926.55	  -8926.55
399	-1.10764e+006	  -8875.25	   -8933.9	   -8933.9	   -8933.9
400	-1.10768e+006	   -8917.5	  -8952.95	  -8952.95	  -8952.95
401	-1.10776e+006	   -8994.5	  -8991.18	  -8991.18	  -8991.18
402	-1.10782e+006	  -9060.63	  -9031.88	  -9031.88	  -9031.88
403	-1.10786e+006	  -9093.13	  -9060.07	  -9060.07	  -9060.07
404	-1.10781e+006	  -9048.63	   -9082.2	   -9082.2	   -9082.2
405	-1.10782e+006	  -9057.38	  -9115.24	  -9115.24	  -9115.24
406	-1.10797e+006	  -9206.88	  -9156.45	  -9156.45	  -9156.45
407	-1.10801e+006	  -9248.13	  -9183.47	  -9183.47	  -9183.47
408	-1.10793e+006	   -9162.5	  -9190.44	  -9190.44	  -9190.44
409	-1.10792e+006	  -9158.13	  -9197.26	  -9197.26	  -9197.26
410	-1.10799e+006	  -9223.13	  -9221.06	  -9221.06	  -9221.06
411	-1.10799e+006	  -9228.63	   -9261.6	   -9261.6	   -9261.6
412	-1.10809e+006	     -9325	  -9305.49	  -9305.49	  -9305.49
413	-1.10817e+006	  -9410.63	  -9333.37	  -9333.37	  -9333.37
414	-1.10809e+006	   -9330.5	  -9342.47	  -9342.47	  -9342.47
415	-1.10803e+006	  -9265.38	  -9356.69	  -9356.69	  -9356.69
416	-1.10816e+006	  -9397.63	  -9390.58	  -9390.58	  -9390.58
417	-1.10828e+006	   -9512.5	  -9425.16	  -9425.16	  -9425.16
418	-1.10819e+006	  -9429.13	  -9444.37	  -9444.37	  -9444.37
419	-1.10816e+006	  -9393.38	  -9462.68	  -9462.68	  -9462.68
420	-1.10827e+006	  -9508.25	  -9492.37	  -9492.37	  -9492.37
421	-1.10835e+006	  -9591.63	  -9520.76	  -9520.76	  -9520.76
422	-1.10826e+006	  -9496.25	  -9541.02	  -9541.02	  -9541.02
423	-1.10828e+006	  -9516.88	  -9566.95	  -9566.95	  -9566.95
424	-1.10841e+006	  -9651.25	  -9603.21	  -9603.21	  -9603.21
425	-1.10841e+006	  -9649.13	  -9638.99	  -9638.99	  -9638.99
426	-1.10839e+006	  -9625.25	  -9670.53	  -9670.53	  -9670.53
427	-1.10851e+006	  -9747.75	  -9697.29	  -9697.29	  -9697.29
428	-1.10852e+006	  -9753.13	  -9716.87	  -9716.87	  -9716.87
429	-1.10839e+006	  -9626.38	  -9742.32	  -9742.32	  -9742.32
430	-1.10855e+006	  -9791.13	  -9785.12	  -9785.12	  -9785.12
431	-1.1087e+006	  -9934.13	  -9824.44	  -9824.44	  -9824.44
432	-1.10861e+006	  -9844.13	  -9840.38	  -9840.38	  -9840.38
433	-1.10852e+006	  -9753.13	  -9852.42	  -9852.42	  -9852.42
434	-1.10864e+006	     -9880	  -9882.86	  -9882.86	  -9882.86
435	-1.10877e+006	  -10006.8	   -9918.2	   -9918.2	   -9918.2
436	-1.10868e+006	  -9916.75	  -9940.77	  -9940.77	  -9940.77
437	-1.10868e+006	   -9912.5	  -9958.77	  -9958.77	  -9958.77
438	-1.10879e+006	  -10026.3	  -9982.22	  -9982.22	  -9982.22
439	-1.10876e+006	  -9993.75	    -10009	    -10009	    -10009
440	-1.10877e+006	  -10008.9	    -10039	    -10039	    -10039
441	-1.10886e+006	    -10101	  -10069.8	  -10069.8	  -10069.8
442	-1.10889e+006	  -10123.8	    -10092	    -10092	    -10092
443	-1.10885e+006	  -10090.3	  -10107.9	  -10107.9	  -10107.9
444	-1.10883e+006	  -10067.5	  -10135.1	  -10135.1	  -10135.1
445	-1.10895e+006	  -10188.9	  -10178.3	  -10178.3	  -10178.3
446	-1.10906e+006	  -10292.9	  -10216.2	  -10216.2	  -10216.2
447	-1.10901e+006	  -10248.5	  -10233.6	  -10233.6	  -10233.6
448	-1.10893e+006	  -10167.1	  -10249.1	  -10249.1	  -10249.1
449	-1.10901e+006	  -10250.6	  -10286.2	  -10286.2	  -10286.2
450	-1.10917e+006	  -10402.4	  -10334.5	  -10334.5	  -10334.5
451	-1.10917e+006	  -10405.6	  -10367.9	  -10367.9	  -10367.9
452	-1.10912e+006	  -10357.9	  -10385.4	  -10385.4	  -10385.4
453	-1.10912e+006	  -10357.9	  -10406.5	  -10406.5	  -10406.5
454	-1.10924e+006	  -10473.9	  -10435.5	  -10435.5	  -10435.5
455	-1.10926e+006	  -10495.5	  -10458.9	  -10458.9	  -10458.9
456	-1.10921e+006	  -10442.5	  -10473.7	  -10473.7	  -10473.7
457	-1.10923e+006	  -10471.8	  -10493.6	  -10493.6	  -10493.6
458	-1.10928e+006	  -10520.5	  -10527.7	  -10527.7	  -10527.7
459	-1.10932e+006	  -10559.5	  -10569.1	  -10569.1	  -10569.1
460	-1.10943e+006	  -10665.8	  -10602.9	  -10602.9	  -10602.9
461	-1.10939e+006	  -10624.5	  -10624.6	  -10624.6	  -10624.6
462	-1.10933e+006	  -10563.9	  -10649.5	  -10649.5	  -10649.5
463	-1.10948e+006	  -10719.9	  -10685.5	  -10685.5	  -10685.5
464	-1.10955e+006	  -10784.9	  -10715.8	  -10715.8	  -10715.8
465	-1.10947e+006	  -10702.5	  -10731.3	  -10731.3	  -10731.3
466	-1.10947e+006	  -10703.6	  -10748.5	  -10748.5	  -10748.5
467	-1.10954e+006	  -10780.6	  -10779.9	  -10779.9	  -10779.9
468	-1.10961e+006	  -10844.5	  -10815.8	  -10815.8	  -10815.8
469	-1.10962e+006	  -10859.8	  -10843.5	  -10843.5	  -10843.5
470	-1.1096e+006	  -10841.3	  -10866.1	  -10866.1	  -10866.1
471	-1.10964e+006	  -10873.8	  -10892.5	  -10892.5	  -10892.5
472	-1.10972e+006	  -10955.1	  -10919.6	  -10919.6	  -10919.6
473	-1.10973e+006	  -10963.8	  -10939.2	  -10939.2	  -10939.2
474	-1.10967e+006	  -10906.3	    -10958	    -10958	    -10958
475	-1.10972e+006	  -10958.4	  -10987.8	  -10987.8	  -10987.8
476	-1.10985e+006	  -11086.3	  -11021.7	  -11021.7	  -11021.7
