Data	etched_(PECVD_SiO2+PR)_20sec
Recipe	SINGH
Site Name	
Points	364
X-Resolution	0.399449
X-Coord	-13669.44
Y-Coord	3452.80
	       Raw	Intermediate	    Normal	 Roughness	  Waviness
1	-3.51261e+006	         0	   648.107	   648.107	   648.107
2	-3.51143e+006	   1181.25	   644.247	   644.247	   644.247
3	-3.51167e+006	       944	   585.673	   585.673	   585.673
4	-3.51276e+006	   -146.25	   480.049	   480.049	   480.049
5	-3.51224e+006	    366.25	   443.558	   443.558	   443.558
6	-3.51165e+006	     963.5	   444.076	   444.076	   444.076
7	-3.51239e+006	       220	    409.23	    409.23	    409.23
8	-3.51256e+006	     54.25	   431.866	   431.866	   431.866
9	-3.5122e+006	     406.5	   618.504	   618.504	   618.504
10	-3.51147e+006	    1143.5	   884.077	   884.077	   884.077
11	-3.51113e+006	   1478.25	   1037.47	   1037.47	   1037.47
12	-3.51161e+006	       995	   1008.47	   1008.47	   1008.47
13	-3.51185e+006	       762	   903.791	   903.791	   903.791
14	-3.51189e+006	       723	   871.901	   871.901	   871.901
15	-3.51183e+006	    778.25	   1011.46	   1011.46	   1011.46
16	-3.51162e+006	     990.5	   1365.29	   1365.29	   1365.29
17	-3.51066e+006	    1946.5	   1884.33	   1884.33	   1884.33
18	-3.50994e+006	   2674.75	   2425.66	   2425.66	   2425.66
19	-3.50972e+006	      2885	   2844.03	   2844.03	   2844.03
20	-3.50906e+006	   3547.25	   3041.41	   3041.41	   3041.41
21	-3.50934e+006	      3272	   2995.12	   2995.12	   2995.12
22	-3.51017e+006	      2443	    2825.7	    2825.7	    2825.7
23	-3.50994e+006	      2665	   2734.07	   2734.07	   2734.07
24	-3.51016e+006	   2446.25	   2850.12	   2850.12	   2850.12
25	-3.50976e+006	      2846	   3140.74	   3140.74	   3140.74
26	-3.50816e+006	   4445.75	   3391.36	   3391.36	   3391.36
27	-3.50924e+006	   3367.25	   3428.85	   3428.85	   3428.85
28	-3.50973e+006	   2880.75	   3342.21	   3342.21	   3342.21
29	-3.50898e+006	      3634	   3289.44	   3289.44	   3289.44
30	-3.50955e+006	    3058.5	   3329.84	   3329.84	   3329.84
31	-3.50959e+006	   3022.75	   3507.93	   3507.93	   3507.93
32	-3.50843e+006	      4178	   3810.27	   3810.27	   3810.27
33	-3.50849e+006	   4121.75	   4139.98	   4139.98	   4139.98
34	-3.50841e+006	   4200.75	   4430.63	   4430.63	   4430.63
35	-3.5073e+006	    5308.5	   4632.12	   4632.12	   4632.12
36	-3.50811e+006	   4503.25	   4710.08	   4710.08	   4710.08
37	-3.50804e+006	    4570.5	   4697.24	   4697.24	   4697.24
38	-3.50741e+006	      5200	   4597.57	   4597.57	   4597.57
39	-3.50838e+006	      4230	   4423.13	   4423.13	   4423.13
40	-3.50879e+006	    3822.5	   4338.15	   4338.15	   4338.15
41	-3.50854e+006	    4067.5	   4489.72	   4489.72	   4489.72
42	-3.50735e+006	      5264	   4749.54	   4749.54	   4749.54
43	-3.50711e+006	    5503.5	   4851.52	   4851.52	   4851.52
44	-3.50824e+006	   4367.75	   4763.26	   4763.26	   4763.26
45	-3.50829e+006	   4323.25	    4697.5	    4697.5	    4697.5
46	-3.50772e+006	    4894.5	   4791.16	   4791.16	   4791.16
47	-3.50773e+006	   4878.25	   5032.89	   5032.89	   5032.89
48	-3.5075e+006	   5112.25	    5423.2	    5423.2	    5423.2
49	-3.50685e+006	    5760.5	   5944.65	   5944.65	   5944.65
50	-3.50554e+006	    7069.5	   6435.07	   6435.07	   6435.07
51	-3.50554e+006	   7071.75	   6711.43	   6711.43	   6711.43
52	-3.50611e+006	      6504	   6808.04	   6808.04	   6808.04
53	-3.50573e+006	      6881	   6935.55	   6935.55	   6935.55
54	-3.50604e+006	      6570	    7227.9	    7227.9	    7227.9
55	-3.50441e+006	   8195.75	   7560.35	   7560.35	   7560.35
56	-3.50406e+006	   8551.25	   7650.06	   7650.06	   7650.06
57	-3.50555e+006	      7061	   7430.11	   7430.11	   7430.11
58	-3.50567e+006	      6944	   7134.48	   7134.48	   7134.48
59	-3.50582e+006	   6787.75	   6975.42	   6975.42	   6975.42
60	-3.50578e+006	   6825.75	   6976.24	   6976.24	   6976.24
61	-3.50539e+006	    7224.5	   7058.76	   7058.76	   7058.76
62	-3.50551e+006	   7104.25	   7164.64	   7164.64	   7164.64
63	-3.50545e+006	    7158.5	    7322.6	    7322.6	    7322.6
64	-3.50523e+006	   7382.75	   7599.41	   7599.41	   7599.41
65	-3.50477e+006	   7842.25	   7977.79	   7977.79	   7977.79
66	-3.50367e+006	   8941.25	   8317.07	   8317.07	   8317.07
67	-3.50406e+006	      8549	   8510.11	   8510.11	   8510.11
68	-3.50437e+006	      8237	   8620.57	   8620.57	   8620.57
69	-3.50359e+006	   9022.75	   8737.21	   8737.21	   8737.21
70	-3.5038e+006	    8813.5	   8836.74	   8836.74	   8836.74
71	-3.50361e+006	    8996.5	    8874.3	    8874.3	    8874.3
72	-3.5037e+006	   8908.75	      8863	      8863	      8863
73	-3.50401e+006	    8595.5	   8850.04	   8850.04	   8850.04
74	-3.50356e+006	      9054	   8846.88	   8846.88	   8846.88
75	-3.50367e+006	      8937	   8823.27	   8823.27	   8823.27
76	-3.50406e+006	      8548	   8804.88	   8804.88	   8804.88
77	-3.5039e+006	   8707.25	   8868.98	   8868.98	   8868.98
78	-3.50354e+006	   9070.25	   9030.74	   9030.74	   9030.74
79	-3.50335e+006	   9262.25	   9252.24	   9252.24	   9252.24
80	-3.50322e+006	   9385.75	   9558.14	   9558.14	   9558.14
81	-3.50306e+006	      9546	   10033.8	   10033.8	   10033.8
82	-3.50203e+006	   10583.3	   10633.4	   10633.4	   10633.4
83	-3.50027e+006	     12337	   11096.7	   11096.7	   11096.7
84	-3.50148e+006	   11127.3	     11259	     11259	     11259
85	-3.50201e+006	   10598.5	     11250	     11250	     11250
86	-3.50043e+006	   12176.5	   11165.3	   11165.3	   11165.3
87	-3.50174e+006	     10865	   10962.5	   10962.5	   10962.5
88	-3.50246e+006	   10145.5	     10747	     10747	     10747
89	-3.50189e+006	   10715.5	   10714.8	   10714.8	   10714.8
90	-3.50187e+006	   10738.3	   10987.7	   10987.7	   10987.7
91	-3.50213e+006	   10482.5	   11671.5	   11671.5	   11671.5
92	-3.49993e+006	   12677.3	   12638.5	   12638.5	   12638.5
93	-3.49709e+006	   15523.3	     13285	     13285	     13285
94	-3.49858e+006	     14033	   13094.3	   13094.3	   13094.3
95	-3.50124e+006	     11369	   12337.3	   12337.3	   12337.3
96	-3.50173e+006	   10879.3	   11703.4	   11703.4	   11703.4
97	-3.50108e+006	   11526.3	   11473.3	   11473.3	   11473.3
98	-3.50092e+006	   11689.8	   11459.4	   11459.4	   11459.4
99	-3.5013e+006	   11314.8	   11486.6	   11486.6	   11486.6
100	-3.50128e+006	   11327.8	   11568.5	   11568.5	   11568.5
101	-3.50084e+006	   11765.8	   11715.4	   11715.4	   11715.4
102	-3.50041e+006	     12196	   11851.3	   11851.3	   11851.3
103	-3.50079e+006	   11818.8	   11994.8	   11994.8	   11994.8
104	-3.50121e+006	   11401.5	   12340.8	   12340.8	   12340.8
105	-3.49969e+006	   12917.8	   12968.2	   12968.2	   12968.2
106	-3.49811e+006	   14495.8	     13606	     13606	     13606
107	-3.49835e+006	   14258.5	   13894.1	   13894.1	   13894.1
108	-3.49842e+006	   14193.5	   13713.8	   13713.8	   13713.8
109	-3.49915e+006	   13457.5	   13194.4	   13194.4	   13194.4
110	-3.50063e+006	   11981.5	   12611.7	   12611.7	   12611.7
111	-3.5007e+006	   11906.5	   12224.2	   12224.2	   12224.2
112	-3.50056e+006	   12046.5	     12079	     12079	     12079
113	-3.50046e+006	   12147.3	   12060.1	   12060.1	   12060.1
114	-3.50063e+006	   11979.3	   12071.7	   12071.7	   12071.7
115	-3.50066e+006	   11947.8	     12024	     12024	     12024
116	-3.49983e+006	     12779	   11685.9	   11685.9	   11685.9
117	-3.50093e+006	     11678	   10813.5	   10813.5	   10813.5
118	-3.50353e+006	   9081.25	   9458.43	   9458.43	   9458.43
119	-3.5046e+006	      8006	   7852.45	   7852.45	   7852.45
120	-3.50595e+006	   6656.75	   6047.09	   6047.09	   6047.09
121	-3.50853e+006	   4083.75	    3907.8	    3907.8	    3907.8
122	-3.51065e+006	   1962.75	   1201.63	   1201.63	   1201.63
123	-3.51311e+006	    -496.5	  -2468.15	  -2468.15	  -2468.15
124	-3.51849e+006	  -5880.75	  -7460.41	  -7460.41	  -7460.41
125	-3.52574e+006	  -13130.3	    -13751	    -13751	    -13751
126	-3.53296e+006	  -20352.8	  -21025.8	  -21025.8	  -21025.8
127	-3.54078e+006	    -28168	  -28927.3	  -28927.3	  -28927.3
128	-3.55029e+006	  -37677.3	  -36848.7	  -36848.7	  -36848.7
129	-3.5594e+006	    -46793	  -43709.7	  -43709.7	  -43709.7
130	-3.56432e+006	    -51707	  -48479.7	  -48479.7	  -48479.7
131	-3.5648e+006	  -52193.8	  -50994.1	  -50994.1	  -50994.1
132	-3.56496e+006	  -52349.8	  -51952.3	  -51952.3	  -51952.3
133	-3.56487e+006	    -52263	  -52176.8	  -52176.8	  -52176.8
134	-3.56489e+006	    -52277	    -52136	    -52136	    -52136
135	-3.56461e+006	  -51995.3	  -52019.9	  -52019.9	  -52019.9
136	-3.56426e+006	  -51650.8	  -51922.9	  -51922.9	  -51922.9
137	-3.56463e+006	  -52019.3	  -51851.3	  -51851.3	  -51851.3
138	-3.56459e+006	  -51981.3	  -51707.4	  -51707.4	  -51707.4
139	-3.56421e+006	    -51602	  -51414.4	  -51414.4	  -51414.4
140	-3.56355e+006	  -50939.8	  -51040.4	  -51040.4	  -51040.4
141	-3.56289e+006	    -50285	  -50752.1	  -50752.1	  -50752.1
142	-3.56316e+006	  -50546.3	  -50630.3	  -50630.3	  -50630.3
143	-3.56344e+006	    -50826	  -50560.7	  -50560.7	  -50560.7
144	-3.56344e+006	    -50826	  -50386.7	  -50386.7	  -50386.7
145	-3.56236e+006	  -49750.8	  -50154.4	  -50154.4	  -50154.4
146	-3.56201e+006	    -49404	  -50069.8	  -50069.8	  -50069.8
147	-3.56311e+006	  -50497.5	  -50175.8	  -50175.8	  -50175.8
148	-3.56314e+006	  -50534.3	    -50259	    -50259	    -50259
149	-3.56313e+006	  -50521.3	  -50097.6	  -50097.6	  -50097.6
150	-3.5626e+006	  -49991.3	  -49665.7	  -49665.7	  -49665.7
151	-3.56123e+006	  -48621.5	  -49163.8	  -49163.8	  -49163.8
152	-3.56102e+006	    -48410	  -48871.4	  -48871.4	  -48871.4
153	-3.56121e+006	  -48597.5	  -48892.9	  -48892.9	  -48892.9
154	-3.5619e+006	  -49294.5	  -49058.5	  -49058.5	  -49058.5
155	-3.56238e+006	    -49767	  -49092.9	  -49092.9	  -49092.9
156	-3.56155e+006	    -48940	    -48915	    -48915	    -48915
157	-3.56058e+006	  -47971.3	  -48726.1	  -48726.1	  -48726.1
158	-3.56135e+006	  -48738.5	  -48707.7	  -48707.7	  -48707.7
159	-3.56169e+006	    -49082	  -48792.3	  -48792.3	  -48792.3
160	-3.56138e+006	    -48770	  -48845.2	  -48845.2	  -48845.2
161	-3.56148e+006	    -48875	  -48843.4	  -48843.4	  -48843.4
162	-3.56147e+006	  -48859.8	  -48806.7	  -48806.7	  -48806.7
163	-3.56141e+006	  -48802.5	  -48735.7	  -48735.7	  -48735.7
164	-3.5612e+006	  -48585.8	  -48635.7	  -48635.7	  -48635.7
165	-3.56117e+006	  -48555.3	  -48516.2	  -48516.2	  -48516.2
166	-3.56107e+006	  -48457.8	  -48373.4	  -48373.4	  -48373.4
167	-3.56078e+006	  -48168.5	  -48211.5	  -48211.5	  -48211.5
168	-3.56058e+006	    -47969	  -48045.3	  -48045.3	  -48045.3
169	-3.56062e+006	  -48005.8	  -47850.2	  -47850.2	  -47850.2
170	-3.56047e+006	  -47862.8	    -47579	    -47579	    -47579
171	-3.55958e+006	    -46974	  -47271.7	  -47271.7	  -47271.7
172	-3.55936e+006	    -46753	  -47039.3	  -47039.3	  -47039.3
173	-3.55974e+006	    -47127	  -46903.7	  -46903.7	  -46903.7
174	-3.55935e+006	    -46741	  -46785.8	  -46785.8	  -46785.8
175	-3.55933e+006	  -46721.5	  -46631.8	  -46631.8	  -46631.8
176	-3.55909e+006	    -46482	  -46459.3	  -46459.3	  -46459.3
177	-3.55865e+006	  -46044.3	  -46333.5	  -46333.5	  -46333.5
178	-3.55884e+006	  -46230.5	  -46297.7	  -46297.7	  -46297.7
179	-3.5591e+006	  -46485.3	  -46300.2	  -46300.2	  -46300.2
180	-3.55893e+006	  -46319.5	    -46238	    -46238	    -46238
181	-3.55891e+006	  -46304.3	  -46057.8	  -46057.8	  -46057.8
182	-3.55836e+006	  -45751.5	  -45811.1	  -45811.1	  -45811.1
183	-3.55772e+006	  -45108.8	  -45613.7	  -45613.7	  -45613.7
184	-3.55838e+006	  -45767.8	  -45476.9	  -45476.9	  -45476.9
185	-3.5584e+006	  -45789.5	  -45276.2	  -45276.2	  -45276.2
186	-3.55718e+006	  -44571.3	  -44996.4	  -44996.4	  -44996.4
187	-3.55708e+006	  -44468.3	  -44793.9	  -44793.9	  -44793.9
188	-3.55741e+006	    -44801	  -44745.3	  -44745.3	  -44745.3
189	-3.55742e+006	    -44814	  -44756.5	  -44756.5	  -44756.5
190	-3.55754e+006	  -44925.8	  -44710.7	  -44710.7	  -44710.7
191	-3.5572e+006	    -44594	  -44576.9	  -44576.9	  -44576.9
192	-3.55689e+006	  -44277.5	  -44390.2	  -44390.2	  -44390.2
193	-3.55697e+006	    -44360	  -44172.3	  -44172.3	  -44172.3
194	-3.55665e+006	    -44036	  -43944.7	  -43944.7	  -43944.7
195	-3.55575e+006	  -43139.5	  -43807.8	  -43807.8	  -43807.8
196	-3.55649e+006	    -43883	  -43844.5	  -43844.5	  -43844.5
197	-3.55676e+006	  -44145.3	  -43977.9	  -43977.9	  -43977.9
198	-3.55667e+006	    -44064	  -44042.8	  -44042.8	  -44042.8
199	-3.55703e+006	  -44422.8	  -43872.9	  -43872.9	  -43872.9
200	-3.55665e+006	  -44044.5	  -43369.3	  -43369.3	  -43369.3
201	-3.55494e+006	    -42331	  -42722.5	  -42722.5	  -42722.5
202	-3.55333e+006	  -40721.5	  -42391.5	  -42391.5	  -42391.5
203	-3.55536e+006	  -42747.3	  -42565.7	  -42565.7	  -42565.7
204	-3.55637e+006	  -43760.5	  -42895.2	  -42895.2	  -42895.2
205	-3.55565e+006	    -43043	  -42991.2	  -42991.2	  -42991.2
206	-3.55562e+006	  -43008.5	  -42839.2	  -42839.2	  -42839.2
207	-3.55494e+006	    -42331	  -42646.7	  -42646.7	  -42646.7
208	-3.55486e+006	  -42245.5	    -42581	    -42581	    -42581
209	-3.5554e+006	  -42788.5	  -42628.5	  -42628.5	  -42628.5
210	-3.55556e+006	  -42954.3	    -42618	    -42618	    -42618
211	-3.55537e+006	  -42764.5	  -42414.7	  -42414.7	  -42414.7
212	-3.55444e+006	  -41829.3	  -42064.2	  -42064.2	  -42064.2
213	-3.55418e+006	  -41572.5	  -41709.4	  -41709.4	  -41709.4
214	-3.55413e+006	    -41516	  -41432.5	  -41432.5	  -41432.5
215	-3.55362e+006	    -41011	  -41271.3	  -41271.3	  -41271.3
216	-3.55351e+006	  -40897.3	  -41280.8	  -41280.8	  -41280.8
217	-3.55409e+006	    -41477	  -41435.7	  -41435.7	  -41435.7
218	-3.5546e+006	    -41994	  -41571.7	  -41571.7	  -41571.7
219	-3.55436e+006	  -41745.8	    -41547	    -41547	    -41547
220	-3.55384e+006	  -41234.3	  -41387.2	  -41387.2	  -41387.2
221	-3.5538e+006	  -41187.8	  -41199.1	  -41199.1	  -41199.1
222	-3.55366e+006	    -41049	  -41030.1	  -41030.1	  -41030.1
223	-3.55347e+006	  -40858.3	  -40869.9	  -40869.9	  -40869.9
224	-3.55336e+006	  -40745.5	  -40709.4	  -40709.4	  -40709.4
225	-3.55305e+006	  -40444.3	  -40536.6	  -40536.6	  -40536.6
226	-3.55315e+006	  -40536.3	  -40285.5	  -40285.5	  -40285.5
227	-3.55299e+006	  -40384.5	    -39863	    -39863	    -39863
228	-3.5517e+006	  -39092.8	  -39328.3	  -39328.3	  -39328.3
229	-3.55076e+006	    -38152	  -38949.9	  -38949.9	  -38949.9
230	-3.5512e+006	  -38590.8	  -38931.1	  -38931.1	  -38931.1
231	-3.55194e+006	    -39331	    -39170	    -39170	    -39170
232	-3.55238e+006	  -39772.3	  -39393.5	  -39393.5	  -39393.5
233	-3.55225e+006	  -39643.3	  -39439.7	  -39439.7	  -39439.7
234	-3.55183e+006	  -39222.8	  -39356.7	  -39356.7	  -39356.7
235	-3.55171e+006	  -39104.5	  -39270.6	  -39270.6	  -39270.6
236	-3.55192e+006	  -39309.5	  -39208.1	  -39208.1	  -39208.1
237	-3.55194e+006	  -39332.3	  -39061.3	  -39061.3	  -39061.3
238	-3.55174e+006	  -39132.8	  -38712.5	  -38712.5	  -38712.5
239	-3.55077e+006	  -38157.3	  -38191.9	  -38191.9	  -38191.9
240	-3.54984e+006	  -37231.8	  -37701.5	  -37701.5	  -37701.5
241	-3.54972e+006	  -37109.3	  -37446.9	  -37446.9	  -37446.9
242	-3.54984e+006	  -37231.8	  -37462.7	  -37462.7	  -37462.7
243	-3.55046e+006	  -37850.8	  -37620.2	  -37620.2	  -37620.2
244	-3.5504e+006	  -37793.3	  -37761.8	  -37761.8	  -37761.8
245	-3.55053e+006	  -37922.3	  -37788.7	  -37788.7	  -37788.7
246	-3.55073e+006	  -38122.8	  -37663.3	  -37663.3	  -37663.3
247	-3.54969e+006	  -37083.3	  -37443.5	  -37443.5	  -37443.5
248	-3.54961e+006	  -36998.8	  -37214.9	  -37214.9	  -37214.9
249	-3.55024e+006	  -37629.5	  -36886.4	  -36886.4	  -36886.4
250	-3.54953e+006	  -36915.3	  -36303.6	  -36303.6	  -36303.6
251	-3.54738e+006	  -34771.5	  -35626.7	  -35626.7	  -35626.7
252	-3.54691e+006	    -34300	  -35231.3	  -35231.3	  -35231.3
253	-3.54827e+006	  -35660.3	  -35219.6	  -35219.6	  -35219.6
254	-3.54791e+006	  -35298.3	  -35413.3	  -35413.3	  -35413.3
255	-3.5478e+006	    -35191	  -35701.8	  -35701.8	  -35701.8
256	-3.54913e+006	  -36519.8	  -36013.7	  -36013.7	  -36013.7
257	-3.54914e+006	  -36529.5	  -36180.4	  -36180.4	  -36180.4
258	-3.54884e+006	  -36233.5	  -36073.7	  -36073.7	  -36073.7
259	-3.54863e+006	  -36024.5	  -35668.8	  -35668.8	  -35668.8
260	-3.54807e+006	  -35460.8	  -35014.5	  -35014.5	  -35014.5
261	-3.54639e+006	  -33776.8	  -34349.9	  -34349.9	  -34349.9
262	-3.54536e+006	  -32750.3	  -34065.7	  -34065.7	  -34065.7
263	-3.54687e+006	    -34260	    -34289	    -34289	    -34289
264	-3.54803e+006	  -35419.8	  -34697.1	  -34697.1	  -34697.1
265	-3.54772e+006	  -35107.5	  -34933.3	  -34933.3	  -34933.3
266	-3.54747e+006	  -34864.8	  -34946.4	  -34946.4	  -34946.4
267	-3.54759e+006	    -34985	    -34822	    -34822	    -34822
268	-3.54754e+006	    -34932	  -34597.4	  -34597.4	  -34597.4
269	-3.54654e+006	  -33932.8	  -34359.5	  -34359.5	  -34359.5
270	-3.54646e+006	  -33854.8	  -34264.6	  -34264.6	  -34264.6
271	-3.54711e+006	  -34498.5	  -34350.1	  -34350.1	  -34350.1
272	-3.54711e+006	  -34503.8	  -34492.3	  -34492.3	  -34492.3
273	-3.54741e+006	  -34797.5	  -34547.9	  -34547.9	  -34547.9
274	-3.5473e+006	    -34687	    -34430	    -34430	    -34430
275	-3.54688e+006	  -34269.8	  -34124.7	  -34124.7	  -34124.7
276	-3.5463e+006	  -33694.3	    -33695	    -33695	    -33695
277	-3.54575e+006	  -33142.5	  -33245.5	  -33245.5	  -33245.5
278	-3.54539e+006	  -32782.8	  -32892.4	  -32892.4	  -32892.4
279	-3.54478e+006	  -32174.8	  -32748.7	  -32748.7	  -32748.7
280	-3.54535e+006	  -32736.3	  -32839.8	  -32839.8	  -32839.8
281	-3.54594e+006	  -33332.3	  -33025.3	  -33025.3	  -33025.3
282	-3.54588e+006	  -33268.3	  -33100.3	  -33100.3	  -33100.3
283	-3.54599e+006	  -33377.8	  -32952.3	  -32952.3	  -32952.3
284	-3.54522e+006	  -32613.8	  -32616.7	  -32616.7	  -32616.7
285	-3.54453e+006	  -31921.3	  -32224.6	  -32224.6	  -32224.6
286	-3.54454e+006	  -31928.8	  -31824.2	  -31824.2	  -31824.2
287	-3.54458e+006	  -31968.8	  -31305.3	  -31305.3	  -31305.3
288	-3.54327e+006	  -30659.5	  -30670.9	  -30670.9	  -30670.9
289	-3.54153e+006	  -28922.3	  -30265.9	  -30265.9	  -30265.9
290	-3.54216e+006	  -29549.8	  -30425.8	  -30425.8	  -30425.8
291	-3.54432e+006	  -31709.8	  -30969.9	  -30969.9	  -30969.9
292	-3.54483e+006	  -32218.3	  -31393.6	  -31393.6	  -31393.6
293	-3.54388e+006	  -31267.8	  -31469.4	  -31469.4	  -31469.4
294	-3.54399e+006	  -31384.8	    -31302	    -31302	    -31302
295	-3.54397e+006	  -31355.5	  -30939.4	  -30939.4	  -30939.4
296	-3.54345e+006	  -30839.5	  -30320.9	  -30320.9	  -30320.9
297	-3.54205e+006	  -29439.3	  -29599.5	  -29599.5	  -29599.5
298	-3.54008e+006	  -27465.8	  -29232.6	  -29232.6	  -29232.6
299	-3.54172e+006	  -29109.8	  -29514.3	  -29514.3	  -29514.3
300	-3.54351e+006	    -30896	  -30173.2	  -30173.2	  -30173.2
301	-3.54363e+006	  -31022.8	  -30706.8	  -30706.8	  -30706.8
302	-3.54397e+006	    -31364	    -30883	    -30883	    -30883
303	-3.54334e+006	    -30730	  -30763.5	  -30763.5	  -30763.5
304	-3.54308e+006	    -30470	  -30472.8	  -30472.8	  -30472.8
305	-3.54311e+006	  -30500.3	  -30049.2	  -30049.2	  -30049.2
306	-3.54209e+006	    -29476	    -29520	    -29520	    -29520
307	-3.54113e+006	  -28520.3	  -29021.7	  -29021.7	  -29021.7
308	-3.54131e+006	  -28702.3	  -28707.1	  -28707.1	  -28707.1
309	-3.54086e+006	  -28250.3	  -28640.8	  -28640.8	  -28640.8
310	-3.54105e+006	  -28437.8	  -28817.1	  -28817.1	  -28817.1
311	-3.54206e+006	  -29453.3	  -29121.6	  -29121.6	  -29121.6
312	-3.54219e+006	  -29581.3	    -29347	    -29347	    -29347
313	-3.54235e+006	  -29739.5	  -29360.4	  -29360.4	  -29360.4
314	-3.54169e+006	  -29080.5	  -29198.5	  -29198.5	  -29198.5
315	-3.54147e+006	  -28864.8	  -28983.8	  -28983.8	  -28983.8
316	-3.5415e+006	  -28889.8	  -28769.3	  -28769.3	  -28769.3
317	-3.54119e+006	    -28583	  -28473.2	  -28473.2	  -28473.2
318	-3.54104e+006	  -28430.3	  -27914.1	  -27914.1	  -27914.1
319	-3.54067e+006	  -28059.5	  -26992.6	  -26992.6	  -26992.6
320	-3.53741e+006	  -24800.5	  -26040.3	  -26040.3	  -26040.3
321	-3.53609e+006	  -23478.3	  -25700.6	  -25700.6	  -25700.6
322	-3.53942e+006	    -26810	  -26131.8	  -26131.8	  -26131.8
323	-3.54007e+006	    -27456	    -26815	    -26815	    -26815
324	-3.53978e+006	  -27165.5	  -27303.1	  -27303.1	  -27303.1
325	-3.54047e+006	    -27859	    -27551	    -27551	    -27551
326	-3.54044e+006	  -27826.5	  -27635.5	  -27635.5	  -27635.5
327	-3.54007e+006	  -27460.3	  -27638.2	  -27638.2	  -27638.2
328	-3.54015e+006	    -27536	  -27645.6	  -27645.6	  -27645.6
329	-3.54044e+006	  -27829.8	  -27656.9	  -27656.9	  -27656.9
330	-3.54044e+006	  -27827.8	  -27597.7	  -27597.7	  -27597.7
331	-3.54002e+006	  -27409.3	  -27451.1	  -27451.1	  -27451.1
332	-3.53967e+006	  -27061.5	  -27262.3	  -27262.3	  -27262.3
333	-3.54003e+006	    -27417	  -26996.3	  -26996.3	  -26996.3
334	-3.5396e+006	  -26989.8	  -26549.4	  -26549.4	  -26549.4
335	-3.53838e+006	    -25775	    -25983	    -25983	    -25983
336	-3.53735e+006	  -24736.8	  -25565.9	  -25565.9	  -25565.9
337	-3.5378e+006	    -25194	  -25439.8	  -25439.8	  -25439.8
338	-3.53886e+006	  -26251.8	  -25403.3	  -25403.3	  -25403.3
339	-3.53799e+006	    -25376	  -25239.4	  -25239.4	  -25239.4
340	-3.53677e+006	    -24158	  -25068.1	  -25068.1	  -25068.1
341	-3.53767e+006	  -25055.3	    -25090	    -25090	    -25090
342	-3.53822e+006	    -25607	  -25217.6	  -25217.6	  -25217.6
343	-3.53796e+006	  -25346.8	  -25196.7	  -25196.7	  -25196.7
344	-3.53824e+006	    -25633	  -24894.3	  -24894.3	  -24894.3
345	-3.53668e+006	    -24068	  -24445.6	  -24445.6	  -24445.6
346	-3.53568e+006	    -23073	  -24176.2	  -24176.2	  -24176.2
347	-3.5371e+006	  -24490.8	  -24200.5	  -24200.5	  -24200.5
348	-3.53747e+006	  -24862.5	  -24248.3	  -24248.3	  -24248.3
349	-3.537e+006	  -24386.5	  -24086.3	  -24086.3	  -24086.3
350	-3.53581e+006	  -23199.8	  -23857.6	  -23857.6	  -23857.6
351	-3.53585e+006	    -23240	  -23829.7	  -23829.7	  -23829.7
352	-3.53715e+006	  -24539.5	  -23983.2	  -23983.2	  -23983.2
353	-3.53695e+006	  -24343.3	    -24077	    -24077	    -24077
354	-3.53658e+006	  -23968.3	  -24004.7	  -24004.7	  -24004.7
355	-3.53643e+006	  -23815.5	  -23845.8	  -23845.8	  -23845.8
356	-3.53632e+006	  -23714.8	  -23696.4	  -23696.4	  -23696.4
357	-3.53599e+006	    -23384	  -23617.5	  -23617.5	  -23617.5
358	-3.53607e+006	    -23462	    -23622	    -23622	    -23622
359	-3.53666e+006	  -24052.8	  -23619.1	  -23619.1	  -23619.1
360	-3.53626e+006	    -23654	    -23477	    -23477	    -23477
361	-3.53573e+006	  -23120.8	  -23134.2	  -23134.2	  -23134.2
362	-3.53582e+006	    -23214	  -22569.5	  -22569.5	  -22569.5
363	-3.53436e+006	  -21746.5	  -21818.9	  -21818.9	  -21818.9
364	-3.53327e+006	  -20656.3	  -21051.6	  -21051.6	  -21051.6
