Data	etched_(PECVD_SiO2)_3min
Recipe	SINGH
Site Name	
Points	1501
X-Resolution	0.400000
X-Coord	-3523.85
Y-Coord	-7319.95
	       Raw	Intermediate	    Normal	 Roughness	  Waviness
1	    770641	         0	   -125.09	   -125.09	   -125.09
2	    770501	  -140.875	  -122.347	  -122.347	  -122.347
3	    770375	  -266.625	  -112.004	  -112.004	  -112.004
4	    770625	    -16.25	  -80.5016	  -80.5016	  -80.5016
5	    770719	   78.0625	  -63.9504	  -63.9504	  -63.9504
6	    770524	  -117.063	  -81.7971	  -81.7971	  -81.7971
7	    770426	  -215.688	  -97.6267	  -97.6267	  -97.6267
8	    770563	       -78	  -78.9928	  -78.9928	  -78.9928
9	    770634	   -7.5625	  -41.0528	  -41.0528	  -41.0528
10	    770669	    27.125	  -11.5461	  -11.5461	  -11.5461
11	    770621	  -20.5625	   10.2223	   10.2223	   10.2223
12	    770606	    -35.75	   41.1584	   41.1584	   41.1584
13	    770803	     161.5	   71.2178	   71.2178	   71.2178
14	    770831	   189.688	   65.1744	   65.1744	   65.1744
15	    770616	  -24.9375	   21.9654	   21.9654	   21.9654
16	    770499	      -142	  -13.1495	  -13.1495	  -13.1495
17	    770646	    4.3125	  -17.4991	  -17.4991	  -17.4991
18	    770741	   99.6875	  -21.0939	  -21.0939	  -21.0939
19	    770563	       -78	  -44.7643	  -44.7643	  -44.7643
20	    770476	  -165.813	  -62.7448	  -62.7448	  -62.7448
21	    770585	   -56.375	  -54.6759	  -54.6759	  -54.6759
22	    770700	      58.5	  -43.4054	  -43.4054	  -43.4054
23	    770597	  -44.4375	  -49.3562	  -49.3562	  -49.3562
24	    770461	  -179.938	  -50.8104	  -50.8104	  -50.8104
25	    770621	  -20.5625	  -27.2886	  -27.2886	  -27.2886
26	    770745	   104.063	  -2.82243	  -2.82243	  -2.82243
27	    770658	     16.25	  -4.34687	  -4.34687	  -4.34687
28	    770537	  -104.063	  -14.9121	  -14.9121	  -14.9121
29	    770601	   -40.125	  -7.11212	  -7.11212	  -7.11212
30	    770734	    92.125	   9.28207	   9.28207	   9.28207
31	    770684	     42.25	   10.5638	   10.5638	   10.5638
32	    770572	   -69.375	   4.56436	   4.56436	   4.56436
33	    770618	  -23.8125	   13.9252	   13.9252	   13.9252
34	    770736	   94.3125	   32.8131	   32.8131	   32.8131
35	    770728	   86.6875	   38.4057	   38.4057	   38.4057
36	    770616	  -24.9375	   32.2455	   32.2455	   32.2455
37	    770640	   -1.0625	   34.2426	   34.2426	   34.2426
38	    770732	   91.0625	   45.5401	   45.5401	   45.5401
39	    770712	   70.4375	   51.0374	   51.0374	   51.0374
40	    770674	      32.5	   51.3703	   51.3703	   51.3703
41	    770651	      9.75	   65.9952	   65.9952	   65.9952
42	    770709	   67.1875	   103.204	   103.204	   103.204
43	    770886	   244.938	   141.873	   141.873	   141.873
44	    770822	       181	   161.224	   161.224	   161.224
45	    770724	    82.375	   177.608	   177.608	   177.608
46	    770822	       181	   217.419	   217.419	   217.419
47	    770973	   331.625	   267.864	   267.864	   267.864
48	    771026	    384.75	   292.316	   292.316	   292.316
49	    770911	   269.875	   287.225	   287.225	   287.225
50	    770802	   160.438	    290.15	    290.15	    290.15
51	    770981	    339.25	   321.255	   321.255	   321.255
52	    771105	   463.875	   353.085	   353.085	   353.085
53	    770995	   353.313	   364.267	   364.267	   364.267
54	    770916	   274.188	    381.38	    381.38	    381.38
55	    771022	   380.438	   433.107	   433.107	   433.107
56	    771243	     601.5	   497.525	   497.525	   497.525
57	    771268	   626.438	   535.259	   535.259	   535.259
58	    771076	   434.625	   553.598	   553.598	   553.598
59	    771167	   525.625	   584.597	   584.597	   584.597
60	    771414	    772.75	   617.905	   617.905	   617.905
61	    771296	   654.625	    625.31	    625.31	    625.31
62	    771125	   483.375	   625.098	   625.098	   625.098
63	    771274	   632.938	   647.096	   647.096	   647.096
64	    771456	       815	   673.691	   673.691	   673.691
65	    771294	   652.438	   681.307	   681.307	   681.307
66	    771227	    585.25	   689.286	   689.286	   689.286
67	    771382	    740.25	   715.112	   715.112	   715.112
68	    771475	   833.438	    736.84	    736.84	    736.84
69	    771374	   732.625	   739.715	   739.715	   739.715
70	    771259	    617.75	   749.023	   749.023	   749.023
71	    771451	   809.625	   780.966	   780.966	   780.966
72	    771573	   932.063	   809.281	   809.281	   809.281
73	    771417	       776	   817.626	   817.626	   817.626
74	    771351	   709.875	   827.519	   827.519	   827.519
75	    771594	   952.688	   839.771	   839.771	   839.771
76	    771615	    973.25	   823.413	   823.413	   823.413
77	    771249	       608	   792.633	   792.633	   792.633
78	    771297	   655.688	   799.611	   799.611	   799.611
79	    771676	   1035.06	   834.675	   834.675	   834.675
80	    771560	   919.063	   843.057	   843.057	   843.057
81	    771324	   682.813	   830.767	   830.767	   830.767
82	    771408	    766.25	   845.548	   845.548	   845.548
83	    771637	       996	   881.814	   881.814	   881.814
84	    771630	   988.438	   895.919	   895.919	   895.919
85	    771422	   780.313	   888.628	   888.628	   888.628
86	    771473	    831.25	   897.139	   897.139	   897.139
87	    771644	    1002.5	   925.016	   925.016	   925.016
88	    771627	   985.188	    944.79	    944.79	    944.79
89	    771538	   896.313	   950.447	   950.447	   950.447
90	    771597	   955.938	   955.258	   955.258	   955.258
91	    771653	   1011.19	   961.296	   961.296	   961.296
92	    771560	   919.063	   968.218	   968.218	   968.218
93	    771591	   949.438	    982.02	    982.02	    982.02
94	    771710	   1068.63	   993.982	   993.982	   993.982
95	    771671	   1029.63	   988.836	   988.836	   988.836
96	    771541	   899.563	    980.75	    980.75	    980.75
97	    771546	       905	   996.825	   996.825	   996.825
98	    771789	   1147.75	   1024.42	   1024.42	   1024.42
99	    771766	      1125	   1031.32	   1031.32	   1031.32
100	    771480	   838.875	   1034.94	   1034.94	   1034.94
101	    771652	   1010.13	   1071.76	   1071.76	   1071.76
102	    771970	   1328.75	   1114.07	   1114.07	   1114.07
103	    771811	   1169.44	   1115.58	   1115.58	   1115.58
104	    771540	     898.5	    1102.6	    1102.6	    1102.6
105	    771737	   1095.75	   1119.65	   1119.65	   1119.65
106	    771994	   1352.56	   1142.98	   1142.98	   1142.98
107	    771731	   1089.25	   1140.49	   1140.49	   1140.49
108	    771630	   988.438	   1144.14	   1144.14	   1144.14
109	    771843	   1201.94	    1186.6	    1186.6	    1186.6
110	    771971	   1329.81	   1241.26	   1241.26	   1241.26
111	    771934	      1293	    1272.1	    1272.1	    1272.1
112	    771896	   1255.06	   1284.98	   1284.98	   1284.98
113	    771895	   1253.94	   1305.25	   1305.25	   1305.25
114	    772011	   1369.94	   1336.79	   1336.79	   1336.79
115	    772056	   1414.38	   1364.26	   1364.26	   1364.26
116	    771966	   1324.44	   1383.58	   1383.58	   1383.58
117	    772053	   1411.13	   1400.08	   1400.08	   1400.08
118	    772126	   1484.81	   1406.43	   1406.43	   1406.43
119	    772008	   1366.69	   1396.82	   1396.82	   1396.82
120	    771994	   1352.56	   1383.42	   1383.42	   1383.42
121	    772051	      1410	   1379.16	   1379.16	   1379.16
122	    771979	   1337.44	   1391.84	   1391.84	   1391.84
123	    771995	   1353.69	   1425.27	   1425.27	   1425.27
124	    772231	   1589.94	   1459.47	   1459.47	   1459.47
125	    772158	   1516.25	   1467.81	   1467.81	   1467.81
126	    771990	   1348.25	   1465.52	   1465.52	   1465.52
127	    772082	   1440.38	   1488.04	   1488.04	   1488.04
128	    772244	   1602.94	   1532.19	   1532.19	   1532.19
129	    772228	   1586.69	   1569.84	   1569.84	   1569.84
130	    772232	      1591	   1600.22	   1600.22	   1600.22
131	    772187	    1545.5	    1652.6	    1652.6	    1652.6
132	    772339	   1697.25	   1736.27	   1736.27	   1736.27
133	    772627	    1985.5	   1801.84	   1801.84	   1801.84
134	    772605	   1963.88	   1788.61	   1788.61	   1788.61
135	    772262	   1620.31	   1719.79	   1719.79	   1719.79
136	    772060	   1418.69	   1693.57	   1693.57	   1693.57
137	    772404	   1762.25	   1753.22	   1753.22	   1753.22
138	    772669	   2027.81	   1827.73	   1827.73	   1827.73
139	    772572	   1930.25	   1835.45	   1835.45	   1835.45
140	    772370	   1728.69	   1786.76	   1786.76	   1786.76
141	    772268	   1626.81	   1751.03	   1751.03	   1751.03
142	    772366	   1724.31	   1759.92	   1759.92	   1759.92
143	    772567	   1925.94	   1775.95	   1775.95	   1775.95
144	    772463	   1821.88	   1763.04	   1763.04	   1763.04
145	    772167	      1526	   1752.82	   1752.82	   1752.82
146	    772402	   1760.13	   1784.67	   1784.67	   1784.67
147	    772659	   2018.06	   1820.97	   1820.97	   1820.97
148	    772529	      1888	   1806.03	   1806.03	   1806.03
149	    772248	   1606.19	   1765.43	   1765.43	   1765.43
150	    772301	   1659.31	   1767.03	   1767.03	   1767.03
151	    772493	   1851.13	   1817.23	   1817.23	   1817.23
152	    772640	   1998.56	   1858.12	   1858.12	   1858.12
153	    772534	   1892.31	   1856.53	   1856.53	   1856.53
154	    772331	   1689.63	   1850.89	   1850.89	   1850.89
155	    772444	   1802.38	    1886.3	    1886.3	    1886.3
156	    772763	   2122.06	   1938.85	   1938.85	   1938.85
157	    772656	   2014.81	   1963.56	   1963.56	   1963.56
158	    772438	   1796.94	   1979.64	   1979.64	   1979.64
159	    772635	   1993.13	    2024.7	    2024.7	    2024.7
160	    772890	   2248.88	   2067.17	   2067.17	   2067.17
161	    772811	   2169.75	   2054.45	   2054.45	   2054.45
162	    772498	   1856.56	   2013.63	   2013.63	   2013.63
163	    772472	   1830.56	   2017.54	   2017.54	   2017.54
164	    772853	   2212.06	   2065.91	   2065.91	   2065.91
165	    772898	    2256.5	    2089.6	    2089.6	    2089.6
166	    772607	      1966	   2070.35	   2070.35	   2070.35
167	    772584	   1942.19	   2058.64	   2058.64	   2058.64
168	    772767	   2125.31	   2070.06	   2070.06	   2070.06
169	    772889	   2247.81	   2059.92	   2059.92	   2059.92
170	    772587	   1945.44	   2019.53	   2019.53	   2019.53
171	    772395	   1753.56	    2009.2	    2009.2	    2009.2
172	    772773	   2131.81	   2048.94	   2048.94	   2048.94
173	    772979	   2337.75	   2069.22	   2069.22	   2069.22
174	    772591	   1949.75	    2032.4	    2032.4	    2032.4
175	    772456	   1814.31	   2000.29	   2000.29	   2000.29
176	    772641	   1999.63	   2025.09	   2025.09	   2025.09
177	    772850	   2208.81	   2069.24	   2069.24	   2069.24
178	    772803	   2161.13	   2078.46	   2078.46	   2078.46
179	    772569	   1928.06	      2068	      2068	      2068
180	    772644	   2002.88	    2084.6	    2084.6	    2084.6
181	    772882	   2240.25	   2121.31	   2121.31	   2121.31
182	    772856	   2214.19	   2135.19	   2135.19	   2135.19
183	    772689	   2047.31	   2126.74	   2126.74	   2126.74
184	    772682	   2040.81	   2135.35	   2135.35	   2135.35
185	    772869	   2227.19	   2169.16	   2169.16	   2169.16
186	    772914	   2272.75	   2198.31	   2198.31	   2198.31
187	    772803	   2161.13	   2213.07	   2213.07	   2213.07
188	    772814	      2173	   2235.76	   2235.76	   2235.76
189	    772951	   2309.56	   2274.82	   2274.82	   2274.82
190	    772999	   2357.25	   2313.21	   2313.21	   2313.21
191	    772942	   2300.94	   2340.43	   2340.43	   2340.43
192	    773024	   2382.19	   2357.49	   2357.49	   2357.49
193	    773068	   2426.63	   2363.21	   2363.21	   2363.21
194	    772930	      2289	    2368.5	    2368.5	    2368.5
195	    772964	   2322.56	   2394.02	   2394.02	   2394.02
196	    773159	   2517.69	   2430.58	   2430.58	   2430.58
197	    773182	   2540.44	   2447.46	   2447.46	   2447.46
198	    772970	   2329.06	   2448.16	   2448.16	   2448.16
199	    773065	   2423.38	   2459.13	   2459.13	   2459.13
200	    773245	   2603.31	   2472.62	   2472.62	   2472.62
201	    773106	   2464.56	   2468.52	   2468.52	   2468.52
202	    772997	   2355.13	   2465.26	   2465.26	   2465.26
203	    773107	   2465.63	   2484.98	   2484.98	   2484.98
204	    773275	   2633.63	   2505.84	   2505.84	   2505.84
205	    773172	   2530.69	   2506.46	   2506.46	   2506.46
206	    772959	   2317.19	   2518.82	   2518.82	   2518.82
207	    773202	      2561	   2572.97	   2572.97	   2572.97
208	    773454	   2812.44	   2629.45	   2629.45	   2629.45
209	    773331	      2690	   2636.85	   2636.85	   2636.85
210	    773151	   2510.06	   2611.01	   2611.01	   2611.01
211	    773193	   2551.25	   2596.44	   2596.44	   2596.44
212	    773328	   2686.75	    2597.2	    2597.2	    2597.2
213	    773217	   2575.13	   2597.17	   2597.17	   2597.17
214	    773170	    2528.5	   2604.19	   2604.19	   2604.19
215	    773290	   2648.81	   2630.81	   2630.81	   2630.81
216	    773319	   2678.06	   2668.07	   2668.07	   2668.07
217	    773338	    2696.5	   2698.38	   2698.38	   2698.38
218	    773419	   2777.81	   2707.47	   2707.47	   2707.47
219	    773355	   2713.81	   2693.28	   2693.28	   2693.28
220	    773244	   2602.19	   2679.63	   2679.63	   2679.63
221	    773261	   2619.56	   2695.27	   2695.27	   2695.27
222	    773432	   2790.81	   2730.43	   2730.43	   2730.43
223	    773498	   2856.88	   2744.93	   2744.93	   2744.93
224	    773339	   2697.56	   2727.79	   2727.79	   2727.79
225	    773254	   2613.06	    2713.4	    2713.4	    2713.4
226	    773368	   2726.88	   2726.55	   2726.55	   2726.55
227	    773458	   2816.81	   2751.35	   2751.35	   2751.35
228	    773399	   2757.19	      2770	      2770	      2770
229	    773367	   2725.75	   2792.05	   2792.05	   2792.05
230	    773486	      2845	   2826.75	   2826.75	   2826.75
231	    773551	      2910	   2861.89	   2861.89	   2861.89
232	    773506	    2864.5	   2886.23	   2886.23	   2886.23
233	    773547	   2905.69	    2903.5	    2903.5	    2903.5
234	    773584	    2942.5	   2920.51	   2920.51	   2920.51
235	    773522	   2880.75	   2941.07	   2941.07	   2941.07
236	    773650	   3008.63	   2959.87	   2959.87	   2959.87
237	    773680	      3039	   2963.56	   2963.56	   2963.56
238	    773511	   2869.94	   2957.03	   2957.03	   2957.03
239	    773567	   2925.19	   2958.42	   2958.42	   2958.42
240	    773710	   3068.25	   2962.87	   2962.87	   2962.87
241	    773588	   2946.88	   2962.71	   2962.71	   2962.71
242	    773456	   2814.63	   2983.29	   2983.29	   2983.29
243	    773706	      3065	   3035.14	   3035.14	   3035.14
244	    773903	   3261.19	   3070.23	   3070.23	   3070.23
245	    773722	   3080.19	    3051.5	    3051.5	    3051.5
246	    773507	   2865.56	   3019.89	   3019.89	   3019.89
247	    773572	   2930.63	   3032.22	   3032.22	   3032.22
248	    773853	   3211.31	   3072.04	   3072.04	   3072.04
249	    773830	   3188.56	   3082.04	   3082.04	   3082.04
250	    773613	   2971.81	   3057.08	   3057.08	   3057.08
251	    773601	   2959.88	   3040.94	   3040.94	   3040.94
252	    773740	   3098.56	   3051.81	   3051.81	   3051.81
253	    773731	   3089.94	   3071.61	   3071.61	   3071.61
254	    773680	      3039	   3087.29	   3087.29	   3087.29
255	    773796	   3154.94	   3094.23	   3094.23	   3094.23
256	    773774	   3132.19	   3088.58	   3088.58	   3088.58
257	    773618	   2976.13	   3086.92	   3086.92	   3086.92
258	    773707	   3066.06	   3111.16	   3111.16	   3111.16
259	    773883	   3241.63	   3143.86	   3143.86	   3143.86
260	    773878	   3236.25	   3149.07	   3149.07	   3149.07
261	    773681	   3040.06	   3133.99	   3133.99	   3133.99
262	    773690	   3048.75	   3137.18	   3137.18	   3137.18
263	    773887	      3246	   3162.67	   3162.67	   3162.67
264	    773869	   3227.56	   3181.34	   3181.34	   3181.34
265	    773774	   3132.19	   3188.05	   3188.05	   3188.05
266	    773805	   3163.63	   3203.83	   3203.83	   3203.83
267	    773904	   3262.25	   3233.18	   3233.18	   3233.18
268	    773940	   3299.06	   3261.65	   3261.65	   3261.65
269	    773873	   3231.88	   3284.41	   3284.41	   3284.41
270	    773959	    3317.5	   3301.26	   3301.26	   3301.26
271	    774054	   3412.88	   3299.29	   3299.29	   3299.29
272	    773871	   3229.75	   3280.14	   3280.14	   3280.14
273	    773788	   3146.25	   3273.78	   3273.78	   3273.78
274	    774001	   3359.81	   3283.91	   3283.91	   3283.91
275	    774076	   3434.56	    3272.5	    3272.5	    3272.5
276	    773764	   3122.44	   3235.21	   3235.21	   3235.21
277	    773722	   3080.19	   3219.59	   3219.59	   3219.59
278	    773956	   3314.25	   3240.53	   3240.53	   3240.53
279	    774004	   3363.06	   3259.63	   3259.63	   3259.63
280	    773823	   3182.06	   3261.84	   3261.84	   3261.84
281	    773839	   3197.19	   3273.09	   3273.09	   3273.09
282	    774024	   3382.56	   3300.66	   3300.66	   3300.66
283	    773985	    3343.5	   3328.41	   3328.41	   3328.41
284	    773905	   3263.31	   3361.63	   3361.63	   3361.63
285	    774049	    3407.5	   3414.15	   3414.15	   3414.15
286	    774194	   3552.69	   3470.65	   3470.65	   3470.65
287	    774159	      3518	   3508.62	   3508.62	   3508.62
288	    774136	   3494.19	   3530.53	   3530.53	   3530.53
289	    774217	   3575.44	   3545.47	   3545.47	   3545.47
290	    774244	   3602.56	   3552.59	   3552.59	   3552.59
291	    774111	   3469.25	   3557.45	   3557.45	   3557.45
292	    774218	   3576.56	      3564	      3564	      3564
293	    774349	   3707.69	   3555.66	   3555.66	   3555.66
294	    774066	   3424.81	   3531.67	   3531.67	   3531.67
295	    774065	   3423.75	   3523.48	   3523.48	   3523.48
296	    774275	      3634	   3537.29	   3537.29	   3537.29
297	    774234	   3592.81	   3548.48	   3548.48	   3548.48
298	    774082	   3441.06	    3560.8	    3560.8	    3560.8
299	    774202	   3560.31	   3595.94	   3595.94	   3595.94
300	    774398	   3756.44	   3640.43	   3640.43	   3640.43
301	    774315	   3674.06	   3669.86	   3669.86	   3669.86
302	    774233	   3591.69	   3694.89	   3694.89	   3694.89
303	    774403	   3761.88	   3727.44	   3727.44	   3727.44
304	    774506	   3864.81	   3743.34	   3743.34	   3743.34
305	    774360	    3718.5	   3724.29	   3724.29	   3724.29
306	    774266	   3624.25	   3695.44	   3695.44	   3695.44
307	    774299	   3657.81	   3689.81	   3689.81	   3689.81
308	    774358	   3716.38	    3708.4	    3708.4	    3708.4
309	    774394	   3752.13	   3728.89	   3728.89	   3728.89
310	    774413	   3771.63	   3732.89	   3732.89	   3732.89
311	    774376	   3734.75	   3725.85	   3725.85	   3725.85
312	    774250	   3609.06	   3739.12	   3739.12	   3739.12
313	    774386	   3744.56	   3792.83	   3792.83	   3792.83
314	    774634	   3992.75	   3857.54	   3857.54	   3857.54
315	    774580	   3938.56	      3890	      3890	      3890
316	    774482	      3841	   3892.84	   3892.84	   3892.84
317	    774500	   3858.31	   3896.95	   3896.95	   3896.95
318	    774589	   3947.19	    3906.2	    3906.2	    3906.2
319	    774614	   3972.13	   3896.91	   3896.91	   3896.91
320	    774507	   3865.94	   3864.62	   3864.62	   3864.62
321	    774364	   3722.88	   3842.71	   3842.71	   3842.71
322	    774453	   3811.75	   3857.04	   3857.04	   3857.04
323	    774637	      3996	   3880.94	   3880.94	   3880.94
324	    774602	   3960.19	   3870.18	   3870.18	   3870.18
325	    774396	   3754.31	   3830.11	   3830.11	   3830.11
326	    774358	   3716.38	   3806.12	   3806.12	   3806.12
327	    774466	   3824.75	   3816.01	   3816.01	   3816.01
328	    774544	   3902.75	   3833.26	   3833.26	   3833.26
329	    774488	   3846.44	   3836.98	   3836.98	   3836.98
330	    774392	   3751.06	   3841.39	   3841.39	   3841.39
331	    774504	   3862.69	   3860.73	   3860.73	   3860.73
332	    774621	   3979.69	   3879.21	   3879.21	   3879.21
333	    774493	   3851.81	   3885.52	   3885.52	   3885.52
334	    774435	   3793.31	    3896.7	    3896.7	    3896.7
335	    774650	      4009	   3916.17	   3916.17	   3916.17
336	    774634	   3992.75	   3922.32	   3922.32	   3922.32
337	    774457	   3816.06	   3919.68	   3919.68	   3919.68
338	    774512	   3870.25	   3935.99	   3935.99	   3935.99
339	    774724	   4082.69	   3968.11	   3968.11	   3968.11
340	    774619	   3977.56	   3995.76	   3995.76	   3995.76
341	    774581	   3939.63	   4027.12	   4027.12	   4027.12
342	    774737	   4095.69	    4074.9	    4074.9	    4074.9
343	    774818	      4177	   4122.89	   4122.89	   4122.89
344	    774814	   4172.63	    4152.1	    4152.1	    4152.1
345	    774771	   4129.31	   4166.54	   4166.54	   4166.54
346	    774842	   4200.81	   4175.26	   4175.26	   4175.26
347	    774863	   4221.38	    4178.8	    4178.8	    4178.8
348	    774740	   4098.94	   4184.18	   4184.18	   4184.18
349	    774842	   4200.81	   4198.48	   4198.48	   4198.48
350	    774952	   4310.25	   4208.15	   4208.15	   4208.15
351	    774803	   4161.81	   4204.53	   4204.53	   4204.53
352	    774774	   4132.56	   4207.18	   4207.18	   4207.18
353	    774899	   4257.19	   4230.23	   4230.23	   4230.23
354	    774919	   4277.75	    4261.7	    4261.7	    4261.7
355	    774915	   4273.44	    4285.8	    4285.8	    4285.8
356	    774986	   4344.94	   4292.24	   4292.24	   4292.24
357	    774966	   4324.38	   4276.26	   4276.26	   4276.26
358	    774822	   4180.25	   4253.31	   4253.31	   4253.31
359	    774840	   4198.63	   4250.08	   4250.08	   4250.08
360	    774945	   4303.75	   4273.06	   4273.06	   4273.06
361	    774931	   4289.69	   4312.22	   4312.22	   4312.22
362	    774958	   4316.75	   4360.78	   4360.78	   4360.78
363	    775115	   4473.94	   4403.69	   4403.69	   4403.69
364	    775152	   4510.75	   4418.53	   4418.53	   4418.53
365	    774984	   4342.81	   4414.14	   4414.14	   4414.14
366	    774950	   4308.13	   4425.51	   4425.51	   4425.51
367	    775204	   4562.81	   4450.32	   4450.32	   4450.32
368	    775214	   4572.56	    4447.9	    4447.9	    4447.9
369	    774961	      4320	   4415.92	   4415.92	   4415.92
370	    774934	   4292.94	   4396.97	   4396.97	   4396.97
371	    775124	   4482.63	   4402.34	   4402.34	   4402.34
372	    775112	   4470.69	   4404.14	   4404.14	   4404.14
373	    774948	      4307	   4401.62	   4401.62	   4401.62
374	    774981	   4339.56	   4422.72	   4422.72	   4422.72
375	    775187	   4545.44	   4461.32	   4461.32	   4461.32
376	    775222	   4580.13	   4479.38	   4479.38	   4479.38
377	    775063	   4421.94	   4478.25	   4478.25	   4478.25
378	    774956	   4314.63	   4508.24	   4508.24	   4508.24
379	    775276	   4634.31	   4586.45	   4586.45	   4586.45
380	    775460	   4818.56	   4663.58	   4663.58	   4663.58
381	    775329	   4687.44	   4704.01	   4704.01	   4704.01
382	    775261	   4619.19	   4731.98	   4731.98	   4731.98
383	    775460	   4818.56	   4764.54	   4764.54	   4764.54
384	    775566	   4924.81	   4769.67	   4769.67	   4769.67
385	    775370	   4728.63	   4732.49	   4732.49	   4732.49
386	    775174	   4532.44	      4703	      4703	      4703
387	    775275	   4633.25	   4725.84	   4725.84	   4725.84
388	    775616	   4974.63	    4763.6	    4763.6	    4763.6
389	    775494	   4852.19	    4754.6	    4754.6	    4754.6
390	    775186	   4544.38	   4712.69	   4712.69	   4712.69
391	    775281	   4639.75	   4689.06	   4689.06	   4689.06
392	    775468	   4826.19	   4679.22	   4679.22	   4679.22
393	    775301	   4659.25	   4655.18	   4655.18	   4655.18
394	    775120	   4478.25	    4637.5	    4637.5	    4637.5
395	    775300	   4658.19	   4658.59	   4658.59	   4658.59
396	    775399	   4757.88	   4705.97	   4705.97	   4705.97
397	    775374	   4732.94	   4750.26	   4750.26	   4750.26
398	    775445	   4803.38	   4779.32	   4779.32	   4779.32
399	    775479	   4838.06	    4790.3	    4790.3	    4790.3
400	    775409	   4767.63	   4789.17	   4789.17	   4789.17
401	    775382	   4740.56	   4792.24	   4792.24	   4792.24
402	    775472	    4830.5	   4804.07	   4804.07	   4804.07
403	    775509	   4867.38	   4812.62	   4812.62	   4812.62
404	    775399	   4757.88	   4817.98	   4817.98	   4817.98
405	    775427	   4786.06	   4833.43	   4833.43	   4833.43
406	    775579	   4937.81	   4851.96	   4851.96	   4851.96
407	    775533	   4891.19	   4853.56	   4853.56	   4853.56
408	    775409	   4767.63	   4842.98	   4842.98	   4842.98
409	    775484	   4842.44	    4837.6	    4837.6	    4837.6
410	    775530	      4889	   4835.26	   4835.26	   4835.26
411	    775431	   4789.31	   4827.08	   4827.08	   4827.08
412	    775462	   4820.75	    4812.9	    4812.9	    4812.9
413	    775492	   4851.06	   4792.92	   4792.92	   4792.92
414	    775342	   4700.44	   4775.89	   4775.89	   4775.89
415	    775372	   4730.81	   4782.03	   4782.03	   4782.03
416	    775470	   4828.31	   4816.09	   4816.09	   4816.09
417	    775510	   4868.44	   4861.56	   4861.56	   4861.56
418	    775553	   4911.81	    4902.2	    4902.2	    4902.2
419	    775587	   4945.38	   4929.46	   4929.46	   4929.46
420	    775634	   4993.06	   4942.58	   4942.58	   4942.58
421	    775527	   4885.75	   4959.12	   4959.12	   4959.12
422	    775534	   4892.25	   4999.65	   4999.65	   4999.65
423	    775848	   5206.56	   5042.94	   5042.94	   5042.94
424	    775811	   5169.75	   5050.26	   5050.26	   5050.26
425	    775476	   4834.81	   5047.38	   5047.38	   5047.38
426	    775582	   4941.06	   5090.14	   5090.14	   5090.14
427	    776068	   5426.56	   5150.46	   5150.46	   5150.46
428	    775916	   5274.88	   5157.24	   5157.24	   5157.24
429	    775545	   4903.13	   5126.14	   5126.14	   5126.14
430	    775717	   5075.44	   5120.51	   5120.51	   5120.51
431	    775937	   5295.44	   5135.04	   5135.04	   5135.04
432	    775776	   5135.06	   5131.43	   5131.43	   5131.43
433	    775639	   4997.38	   5121.55	   5121.55	   5121.55
434	    775776	   5135.06	   5129.63	   5129.63	   5129.63
435	    775909	   5267.25	   5137.32	   5137.32	   5137.32
436	    775721	   5079.75	   5126.42	   5126.42	   5126.42
437	    775676	   5034.25	   5117.34	   5117.34	   5117.34
438	    775809	   5167.56	   5128.03	   5128.03	   5128.03
439	    775800	   5158.88	   5150.69	   5150.69	   5150.69
440	    775765	   5123.13	   5179.91	   5179.91	   5179.91
441	    775872	   5230.44	   5213.73	   5213.73	   5213.73
442	    775961	   5319.31	   5238.46	   5238.46	   5238.46
443	    775857	   5215.25	    5251.7	    5251.7	    5251.7
444	    775819	   5177.31	   5273.61	   5273.61	   5273.61
445	    776027	   5385.44	   5306.92	   5306.92	   5306.92
446	    776042	   5400.56	   5328.77	   5328.77	   5328.77
447	    775888	   5246.69	   5337.15	   5337.15	   5337.15
448	    775979	   5337.75	   5350.55	   5350.55	   5350.55
449	    776084	   5442.88	   5365.79	   5365.79	   5365.79
450	    776015	    5373.5	   5371.73	   5371.73	   5371.73
451	    775928	   5286.75	    5383.4	    5383.4	    5383.4
452	    776047	      5406	   5414.32	   5414.32	   5414.32
453	    776207	   5565.31	   5443.36	   5443.36	   5443.36
454	    776076	   5434.19	   5451.66	   5451.66	   5451.66
455	    776002	    5360.5	   5457.41	   5457.41	   5457.41
456	    776160	   5518.69	   5476.28	   5476.28	   5476.28
457	    776194	   5552.31	   5491.49	   5491.49	   5491.49
458	    776108	   5466.69	   5488.12	   5488.12	   5488.12
459	    776121	   5479.69	   5475.33	   5475.33	   5475.33
460	    776094	   5452.63	   5470.09	   5470.09	   5470.09
461	    776063	   5421.19	   5483.32	   5483.32	   5483.32
462	    776184	   5542.56	   5509.31	   5509.31	   5509.31
463	    776232	   5590.25	   5527.58	   5527.58	   5527.58
464	    776143	   5501.38	   5531.03	   5531.03	   5531.03
465	    776138	   5497.06	   5533.56	   5533.56	   5533.56
466	    776211	   5569.63	   5540.44	   5540.44	   5540.44
467	    776220	   5578.31	   5538.71	   5538.71	   5538.71
468	    776162	   5520.88	   5521.61	   5521.61	   5521.61
469	    776112	      5471	   5499.13	   5499.13	   5499.13
470	    776133	   5491.63	   5482.89	   5482.89	   5482.89
471	    776105	   5463.44	   5480.69	   5480.69	   5480.69
472	    776068	   5426.56	   5503.03	   5503.03	   5503.03
473	    776192	   5550.13	   5551.44	   5551.44	   5551.44
474	    776304	   5662.88	   5607.24	   5607.24	   5607.24
475	    776292	   5650.94	   5654.42	   5654.42	   5654.42
476	    776295	   5653.13	   5696.76	   5696.76	   5696.76
477	    776416	    5774.5	    5735.1	    5735.1	    5735.1
478	    776473	   5831.94	   5755.28	   5755.28	   5755.28
479	    776355	   5713.81	   5755.91	   5755.91	   5755.91
480	    776360	   5718.13	   5755.33	   5755.33	   5755.33
481	    776439	   5797.25	   5758.71	   5758.71	   5758.71
482	    776436	   5795.06	   5751.85	   5751.85	   5751.85
483	    776360	   5718.13	   5733.37	   5733.37	   5733.37
484	    776292	   5650.94	   5723.31	   5723.31	   5723.31
485	    776386	   5744.13	   5733.08	   5733.08	   5733.08
486	    776425	   5783.19	   5750.16	   5750.16	   5750.16
487	    776395	   5753.88	   5760.94	   5760.94	   5760.94
488	    776407	   5765.81	   5768.26	   5768.26	   5768.26
489	    776404	   5762.56	   5783.68	   5783.68	   5783.68
490	    776413	   5771.25	   5813.62	   5813.62	   5813.62
491	    776535	   5893.69	   5847.19	   5847.19	   5847.19
492	    776570	   5928.38	   5862.44	   5862.44	   5862.44
493	    776477	   5835.19	   5855.77	   5855.77	   5855.77
494	    776444	   5802.69	   5848.93	   5848.93	   5848.93
495	    776486	   5844.94	   5858.67	   5858.67	   5858.67
496	    776547	   5905.63	   5878.37	   5878.37	   5878.37
497	    776547	   5905.63	   5894.92	   5894.92	   5894.92
498	    776530	   5888.31	   5908.13	   5908.13	   5908.13
499	    776555	   5913.19	   5924.52	   5924.52	   5924.52
500	    776601	   5959.81	   5941.61	   5941.61	   5941.61
501	    776625	   5983.69	   5950.13	   5950.13	   5950.13
502	    776574	   5932.75	   5950.42	   5950.42	   5950.42
503	    776563	   5921.88	   5954.22	   5954.22	   5954.22
504	    776621	   5979.31	   5967.66	   5967.66	   5967.66
505	    776628	   5986.94	   5984.55	   5984.55	   5984.55
506	    776651	   6009.69	   5997.47	   5997.47	   5997.47
507	    776651	   6009.69	   6006.49	   6006.49	   6006.49
508	    776627	   5985.81	   6018.03	   6018.03	   6018.03
509	    776690	   6048.69	   6037.36	   6037.36	   6037.36
510	    776699	   6057.38	   6067.05	   6067.05	   6067.05
511	    776698	   6056.25	   6111.83	   6111.83	   6111.83
512	    776827	   6185.25	   6169.42	   6169.42	   6169.42
513	    776919	   6277.38	   6222.37	   6222.37	   6222.37
514	    776894	   6252.44	    6254.6	    6254.6	    6254.6
515	    776934	   6292.56	   6262.37	   6262.37	   6262.37
516	    776938	   6296.88	   6249.02	   6249.02	   6249.02
517	    776813	   6171.19	    6229.7	    6229.7	    6229.7
518	    776816	   6174.44	   6225.51	   6225.51	   6225.51
519	    776919	   6277.38	   6235.74	   6235.74	   6235.74
520	    776931	   6289.31	   6241.75	   6241.75	   6241.75
521	    776824	   6183.06	   6242.19	   6242.19	   6242.19
522	    776860	   6218.88	    6250.6	    6250.6	    6250.6
523	    776969	   6327.25	   6260.67	   6260.67	   6260.67
524	    776937	   6295.81	   6252.42	   6252.42	   6252.42
525	    776841	   6199.31	   6232.17	   6232.17	   6232.17
526	    776775	   6133.25	   6233.85	   6233.85	   6233.85
527	    776885	   6243.75	   6272.54	   6272.54	   6272.54
528	    777064	   6422.63	   6317.36	   6317.36	   6317.36
529	    777050	    6408.5	   6333.88	   6333.88	   6333.88
530	    776845	   6203.69	   6338.93	   6338.93	   6338.93
531	    776955	   6313.13	   6371.93	   6371.93	   6371.93
532	    777150	   6508.25	   6428.09	   6428.09	   6428.09
533	    777168	   6526.63	   6472.73	   6472.73	   6472.73
534	    777093	   6451.88	   6502.87	   6502.87	   6502.87
535	    777106	   6464.88	   6542.88	   6542.88	   6542.88
536	    777323	   6681.63	   6591.87	   6591.87	   6591.87
537	    777318	   6676.19	   6623.09	   6623.09	   6623.09
538	    777220	   6578.69	   6625.52	   6625.52	   6625.52
539	    777314	   6672.94	   6600.02	   6600.02	   6600.02
540	    777275	   6633.94	   6543.32	   6543.32	   6543.32
541	    777010	   6368.44	   6478.74	   6478.74	   6478.74
542	    776959	    6317.5	   6454.22	   6454.22	   6454.22
543	    777151	   6509.31	   6473.65	   6473.65	   6473.65
544	    777306	   6664.31	   6486.04	   6486.04	   6486.04
545	    777041	   6399.81	   6472.95	   6472.95	   6472.95
546	    776919	   6277.38	   6479.25	   6479.25	   6479.25
547	    777269	   6627.44	   6521.17	   6521.17	   6521.17
548	    777348	   6706.56	   6551.92	   6551.92	   6551.92
549	    777089	    6447.5	   6554.21	   6554.21	   6554.21
550	    777090	   6448.63	   6564.99	   6564.99	   6564.99
551	    777377	   6735.81	   6591.14	   6591.14	   6591.14
552	    777287	   6645.88	   6603.69	   6603.69	   6603.69
553	    777114	   6472.44	    6607.9	    6607.9	    6607.9
554	    777281	   6639.38	   6627.16	   6627.16	   6627.16
555	    777388	   6746.69	   6648.85	   6648.85	   6648.85
556	    777279	   6637.19	   6655.52	   6655.52	   6655.52
557	    777224	      6583	   6665.96	   6665.96	   6665.96
558	    777327	   6685.94	   6701.46	   6701.46	   6701.46
559	    777433	   6791.13	   6746.65	   6746.65	   6746.65
560	    777481	   6839.88	   6768.24	   6768.24	   6768.24
561	    777422	   6780.25	   6757.52	   6757.52	   6757.52
562	    777297	   6655.63	   6741.82	   6741.82	   6741.82
563	    777347	    6705.5	   6747.55	   6747.55	   6747.55
564	    777488	   6846.38	   6761.93	   6761.93	   6761.93
565	    777460	   6818.19	   6757.97	   6757.97	   6757.97
566	    777284	   6642.63	   6744.88	   6744.88	   6744.88
567	    777339	   6697.88	    6749.9	    6749.9	    6749.9
568	    777512	   6870.19	   6763.96	   6763.96	   6763.96
569	    777441	   6799.75	    6759.3	    6759.3	    6759.3
570	    777294	   6652.38	   6743.83	   6743.83	   6743.83
571	    777360	    6718.5	   6746.26	   6746.26	   6746.26
572	    777443	   6801.94	   6769.85	   6769.85	   6769.85
573	    777428	   6786.75	   6799.48	   6799.48	   6799.48
574	    777469	   6827.94	   6829.05	   6829.05	   6829.05
575	    777498	   6856.13	   6859.84	   6859.84	   6859.84
576	    777539	   6897.31	    6890.7	    6890.7	    6890.7
577	    777572	   6930.88	   6920.56	   6920.56	   6920.56
578	    777563	   6921.13	   6953.81	   6953.81	   6953.81
579	    777629	   6987.25	   6993.58	   6993.58	   6993.58
580	    777712	   7070.69	   7030.17	   7030.17	   7030.17
581	    777719	   7077.19	   7047.08	   7047.08	   7047.08
582	    777712	   7070.69	   7039.12	   7039.12	   7039.12
583	    777632	    6990.5	   7019.78	   7019.78	   7019.78
584	    777619	    6977.5	   7012.03	   7012.03	   7012.03
585	    777632	    6990.5	   7030.36	   7030.36	   7030.36
586	    777702	   7060.94	   7066.73	   7066.73	   7066.73
587	    777834	   7192.13	   7095.23	   7095.23	   7095.23
588	    777740	   7098.88	   7103.61	   7103.61	   7103.61
589	    777653	   7011.13	   7109.81	   7109.81	   7109.81
590	    777821	   7179.13	   7124.16	   7124.16	   7124.16
591	    777849	   7207.25	   7128.24	   7128.24	   7128.24
592	    777714	   7072.88	   7116.94	   7116.94	   7116.94
593	    777663	   7021.94	   7111.12	   7111.12	   7111.12
594	    777844	   7202.94	   7108.17	   7108.17	   7108.17
595	    777847	   7205.13	   7081.35	   7081.35	   7081.35
596	    777518	   6876.69	   7045.97	   7045.97	   7045.97
597	    777571	   6929.81	    7049.3	    7049.3	    7049.3
598	    777867	   7225.69	    7084.4	    7084.4	    7084.4
599	    777829	   7187.75	   7103.62	   7103.62	   7103.62
600	    777613	   6972.06	   7110.87	   7110.87	   7110.87
601	    777696	   7054.44	   7149.93	   7149.93	   7149.93
602	    777955	    7313.5	   7216.21	   7216.21	   7216.21
603	    778006	   7364.44	   7259.77	   7259.77	   7259.77
604	    777882	   7240.88	   7265.46	   7265.46	   7265.46
605	    777814	   7172.56	    7268.1	    7268.1	    7268.1
606	    777948	      7307	   7289.03	   7289.03	   7289.03
607	    778043	   7401.25	   7307.01	   7307.01	   7307.01
608	    777929	    7287.5	   7303.24	   7303.24	   7303.24
609	    777890	   7248.44	   7292.69	   7292.69	   7292.69
610	    777927	   7285.31	   7295.25	   7295.25	   7295.25
611	    777955	    7313.5	   7307.19	   7307.19	   7307.19
612	    778000	      7359	   7310.33	   7310.33	   7310.33
613	    777953	   7311.31	   7296.79	   7296.79	   7296.79
614	    777873	   7231.13	   7280.98	   7280.98	   7280.98
615	    777884	   7243.06	   7281.88	   7281.88	   7281.88
616	    777965	   7323.25	   7295.23	   7295.23	   7295.23
617	    778001	   7360.06	   7298.45	   7298.45	   7298.45
618	    777915	   7273.38	    7284.4	    7284.4	    7284.4
619	    777854	   7212.69	   7272.03	   7272.03	   7272.03
620	    777907	   7265.81	   7276.15	   7276.15	   7276.15
621	    777981	    7339.5	   7287.52	   7287.52	   7287.52
622	    777928	   7286.38	   7297.99	   7297.99	   7297.99
623	    777883	   7241.94	   7324.09	   7324.09	   7324.09
624	    777979	   7337.31	   7380.16	   7380.16	   7380.16
625	    778168	      7527	   7440.32	   7440.32	   7440.32
626	    778227	    7585.5	   7458.09	   7458.09	   7458.09
627	    778059	    7417.5	   7429.99	   7429.99	   7429.99
628	    777908	   7266.88	   7415.81	   7415.81	   7415.81
629	    777985	   7343.81	   7482.25	   7482.25	   7482.25
630	    778250	   7608.25	   7643.22	   7643.22	   7643.22
631	    778491	   7849.94	   7865.26	   7865.26	   7865.26
632	    778749	   8107.94	   8105.06	   8105.06	   8105.06
633	    779048	   8407.06	   8322.93	   8322.93	   8322.93
634	    779223	   8581.56	   8488.51	   8488.51	   8488.51
635	    779255	   8614.06	   8599.76	   8599.76	   8599.76
636	    779296	   8654.13	   8678.95	   8678.95	   8678.95
637	    779409	   8767.94	   8728.97	   8728.97	   8728.97
638	    779542	   8900.19	   8702.53	   8702.53	   8702.53
639	    779420	   8778.81	   8541.08	   8541.08	   8541.08
640	    778927	   8285.63	   8257.12	   8257.12	   8257.12
641	    778373	   7731.81	   7952.21	   7952.21	   7952.21
642	    778262	   7620.19	   7729.75	   7729.75	   7729.75
643	    778184	   7542.19	   7617.26	   7617.26	   7617.26
644	    778184	   7542.19	   7587.02	   7587.02	   7587.02
645	    778248	   7606.13	   7619.29	   7619.29	   7619.29
646	    778235	   7593.13	   7764.07	   7764.07	   7764.07
647	    778248	   7606.13	   8176.39	   8176.39	   8176.39
648	    778904	   8262.88	   9026.56	   9026.56	   9026.56
649	    780750	   10108.6	     10288	     10288	     10288
650	    782908	   12266.4	   11663.3	   11663.3	   11663.3
651	    783869	   13227.8	   12817.3	   12817.3	   12817.3
652	    784498	   13856.4	   13626.9	   13626.9	   13626.9
653	    785004	   14362.5	   14153.6	   14153.6	   14153.6
654	    785206	   14564.1	   14502.6	   14502.6	   14502.6
655	    785377	   14735.4	   14759.4	   14759.4	   14759.4
656	    785670	   15029.1	   14961.1	   14961.1	   14961.1
657	    785912	   15270.8	   15090.3	   15090.3	   15090.3
658	    785851	   15210.1	   15135.7	   15135.7	   15135.7
659	    785642	   15000.9	   15142.1	   15142.1	   15142.1
660	    785777	   15135.3	   15160.8	   15160.8	   15160.8
661	    785941	     15300	   15175.9	   15175.9	   15175.9
662	    785882	   15240.4	   15117.6	   15117.6	   15117.6
663	    785728	   15086.5	     14890	     14890	     14890
664	    785597	   14955.4	   14350.3	   14350.3	   14350.3
665	    784706	   14064.5	   13362.3	   13362.3	   13362.3
666	    782737	   12095.2	   11969.2	   11969.2	   11969.2
667	    780736	   10094.5	   10461.5	   10461.5	   10461.5
668	    779129	   8487.25	   9212.93	   9212.93	   9212.93
669	    778565	   7923.69	   8476.34	   8476.34	   8476.34
670	    778466	   7825.06	   8384.75	   8384.75	   8384.75
671	    778443	   7801.19	   9111.86	   9111.86	   9111.86
672	    780117	   9475.69	   10831.6	   10831.6	   10831.6
673	    783664	   13022.9	   13386.3	   13386.3	   13386.3
674	    787849	   17207.5	   16150.2	   16150.2	   16150.2
675	    790221	   19579.9	   18414.7	   18414.7	   18414.7
676	    791141	   20500.1	     19872	     19872	     19872
677	    791625	   20983.4	   20653.6	   20653.6	   20653.6
678	    791820	   21178.6	   21042.9	   21042.9	   21042.9
679	    791823	   21181.8	   21266.5	   21266.5	   21266.5
680	    792106	   21464.7	   21422.7	   21422.7	   21422.7
681	    792414	   21772.4	   21467.6	   21467.6	   21467.6
682	    792320	   21678.2	   21295.4	   21295.4	   21295.4
683	    791717	   21075.6	   20883.6	   20883.6	   20883.6
684	    790794	   20152.2	     20353	     20353	     20353
685	    790322	   19680.8	   19874.7	   19874.7	   19874.7
686	    789998	   19356.7	   19533.3	   19533.3	   19533.3
687	    789967	   19325.3	   19275.4	   19275.4	   19275.4
688	    789938	   19297.1	   18962.2	   18962.2	   18962.2
689	    789358	   18716.1	   18501.2	   18501.2	   18501.2
690	    788398	     17757	   17964.3	   17964.3	   17964.3
691	    787787	   17145.8	   17544.7	   17544.7	   17544.7
692	    787709	   17067.7	   17406.2	   17406.2	   17406.2
693	    787936	   17294.2	   17622.4	   17622.4	   17622.4
694	    788323	   17681.1	   18218.3	   18218.3	   18218.3
695	    789519	   18877.6	   19147.4	   19147.4	   19147.4
696	    791215	   20573.8	   20240.4	   20240.4	   20240.4
697	    792065	   21423.5	   21322.6	   21322.6	   21322.6
698	    792761	   22119.3	   22368.4	   22368.4	   22368.4
699	    794104	   23462.1	   23414.3	   23414.3	   23414.3
700	    795318	   24677.1	   24392.1	   24392.1	   24392.1
701	    796201	   25559.3	   25164.1	   25164.1	   25164.1
702	    796540	   25898.5	   25665.5	   25665.5	   25665.5
703	    796659	   26017.7	     25949	     25949	     25949
704	    796764	   26122.8	   26110.5	   26110.5	   26110.5
705	    796900	   26258.3	   26194.3	   26194.3	   26194.3
706	    797034	   26392.7	   26152.2	   26152.2	   26152.2
707	    796956	   26314.7	   25878.6	   25878.6	   25878.6
708	    796258	   25616.7	   25314.1	   25314.1	   25314.1
709	    795258	   24616.4	   24557.8	   24557.8	   24557.8
710	    793913	   23271.4	     23890	     23890	     23890
711	    793446	   22804.3	     23624	     23624	     23624
712	    794125	   23483.8	   23853.4	   23853.4	   23853.4
713	    795285	   24643.4	   24364.4	   24364.4	   24364.4
714	    795837	   25195.1	     24853	     24853	     24853
715	    795844	   25202.7	   25187.7	   25187.7	   25187.7
716	    796013	   25371.8	   25420.4	   25420.4	   25420.4
717	    796318	   25676.3	   25625.7	   25625.7	   25625.7
718	    796461	   25819.4	   25832.4	   25832.4	   25832.4
719	    796640	   25998.2	   26070.4	   26070.4	   26070.4
720	    796835	   26193.3	   26393.9	   26393.9	   26393.9
721	    797312	   26670.1	     26829	     26829	     26829
722	    798112	   27471.1	   27308.3	   27308.3	   27308.3
723	    798674	   28032.5	   27706.5	   27706.5	   27706.5
724	    798628	     27987	   27972.3	   27972.3	   27972.3
725	    798670	   28028.1	   28163.4	   28163.4	   28163.4
726	    799097	   28455.2	   28327.7	   28327.7	   28327.7
727	    799229	   28587.4	     28434	     28434	     28434
728	    799149	   28507.2	   28433.8	   28433.8	   28433.8
729	    799128	   28486.6	   28302.9	   28302.9	   28302.9
730	    798856	   28214.6	   28038.7	   28038.7	   28038.7
731	    798288	   27646.7	   27692.3	   27692.3	   27692.3
732	    797804	   27162.2	   27385.1	   27385.1	   27385.1
733	    797583	   26941.1	   27256.8	   27256.8	   27256.8
734	    797692	   27050.6	   27398.6	   27398.6	   27398.6
735	    798239	   27597.9	   27824.2	   27824.2	   27824.2
736	    798969	   28327.3	   28480.6	   28480.6	   28480.6
737	    799844	     29203	   29266.4	   29266.4	   29266.4
738	    800952	   30310.6	   30038.6	   30038.6	   30038.6
739	    801617	   30976.1	   30657.1	   30657.1	   30657.1
740	    801844	   31202.6	   31072.8	   31072.8	   31072.8
741	    801974	   31332.7	   31338.9	   31338.9	   31338.9
742	    802241	   31599.3	   31518.8	   31518.8	   31518.8
743	    802395	   31753.2	   31628.4	   31628.4	   31628.4
744	    802346	   31704.4	   31677.7	   31677.7	   31677.7
745	    802261	   31619.9	   31716.9	   31716.9	   31716.9
746	    802294	   31652.4	   31804.3	   31804.3	   31804.3
747	    802640	   31998.1	   31939.4	   31939.4	   31939.4
748	    802850	   32208.4	   32063.2	   32063.2	   32063.2
749	    802790	   32148.8	   32137.3	   32137.3	   32137.3
750	    802755	   32114.1	   32180.3	   32180.3	   32180.3
751	    802893	   32251.8	   32207.2	   32207.2	   32207.2
752	    802977	   32335.2	   32171.6	   32171.6	   32171.6
753	    802850	   32208.4	     31973	     31973	     31973
754	    802687	   32045.8	   31519.4	   31519.4	   31519.4
755	    801588	   30946.8	   30865.6	   30865.6	   30865.6
756	    800050	   29408.9	   30293.2	   30293.2	   30293.2
757	    800220	   29579.1	   30100.7	   30100.7	   30100.7
758	    800856	   30214.2	     30323	     30323	     30323
759	    801399	   30757.2	   30777.3	   30777.3	   30777.3
760	    802028	   31386.9	   31284.1	   31284.1	   31284.1
761	    802413	   31771.6	   31750.1	   31750.1	   31750.1
762	    802946	   32304.8	   32127.2	   32127.2	   32127.2
763	    803203	   32561.7	   32383.5	   32383.5	   32383.5
764	    803200	   32558.4	   32526.8	   32526.8	   32526.8
765	    803225	   32583.4	   32608.2	   32608.2	   32608.2
766	    803310	     32669	   32673.9	   32673.9	   32673.9
767	    803406	   32764.4	   32733.5	   32733.5	   32733.5
768	    803458	   32816.4	   32776.6	   32776.6	   32776.6
769	    803436	   32794.7	   32799.9	   32799.9	   32799.9
770	    803450	   32808.8	   32809.4	   32809.4	   32809.4
771	    803494	   32852.1	   32806.7	   32806.7	   32806.7
772	    803430	   32788.2	     32793	     32793	     32793
773	    803375	     32734	     32777	     32777	     32777
774	    803443	   32801.2	   32760.2	   32760.2	   32760.2
775	    803412	   32770.9	   32727.5	   32727.5	   32727.5
776	    803323	     32682	   32659.1	   32659.1	   32659.1
777	    803258	   32616.9	   32517.9	   32517.9	   32517.9
778	    803155	     32514	   32219.3	   32219.3	   32219.3
779	    802874	   32232.2	   31694.2	   31694.2	   31694.2
780	    801347	   30705.1	   31061.1	   31061.1	   31061.1
781	    800388	   29747.1	   30634.8	   30634.8	   30634.8
782	    801003	   30361.6	     30633	     30633	     30633
783	    801538	     30897	   30992.9	   30992.9	   30992.9
784	    802129	   31487.6	   31522.8	   31522.8	   31522.8
785	    802830	   32188.9	   32063.7	   32063.7	   32063.7
786	    803385	   32743.8	   32503.2	   32503.2	   32503.2
787	    803626	   32984.4	   32786.8	   32786.8	   32786.8
788	    803557	   32916.1	   32948.2	   32948.2	   32948.2
789	    803614	   32972.4	   33066.2	   33066.2	   33066.2
790	    803923	   33281.3	   33172.7	   33172.7	   33172.7
791	    804002	   33360.4	   33245.4	   33245.4	   33245.4
792	    803843	   33201.1	   33284.8	   33284.8	   33284.8
793	    803895	   33253.1	   33321.9	   33321.9	   33321.9
794	    804135	   33493.8	     33353	     33353	     33353
795	    804079	   33437.4	   33349.3	   33349.3	   33349.3
796	    803818	   33176.2	   33326.3	   33326.3	   33326.3
797	    803909	   33267.3	   33318.9	   33318.9	   33318.9
798	    804153	   33511.1	   33306.2	   33306.2	   33306.2
799	    803932	   33291.1	     33252	     33252	     33252
800	    803639	   32997.4	   33181.1	   33181.1	   33181.1
801	    803778	   33136.1	     33110	     33110	     33110
802	    803950	   33308.4	   32939.4	   32939.4	   32939.4
803	    803650	   33008.2	   32520.7	   32520.7	   32520.7
804	    802677	   32036.1	   31867.4	   31867.4	   31867.4
805	    801092	   30450.4	   31248.6	   31248.6	   31248.6
806	    801032	   30390.8	   30978.8	   30978.8	   30978.8
807	    801648	   31006.4	   31134.1	   31134.1	   31134.1
808	    802074	   31432.4	   31569.8	   31569.8	   31569.8
809	    802779	   32137.9	   32109.7	   32109.7	   32109.7
810	    803494	   32852.1	   32618.1	   32618.1	   32618.1
811	    803782	   33140.4	   33012.3	   33012.3	   33012.3
812	    803986	   33344.2	   33281.8	   33281.8	   33281.8
813	    804181	   33539.3	   33459.2	   33459.2	   33459.2
814	    804237	   33595.6	   33580.9	   33580.9	   33580.9
815	    804287	   33645.5	   33675.2	   33675.2	   33675.2
816	    804443	   33801.6	   33749.6	   33749.6	   33749.6
817	    804525	   33883.9	   33790.3	   33790.3	   33790.3
818	    804430	   33788.6	   33798.8	   33798.8	   33798.8
819	    804344	   33702.9	   33805.4	   33805.4	   33805.4
820	    804507	   33865.5	   33824.7	   33824.7	   33824.7
821	    804571	   33929.4	     33834	     33834	     33834
822	    804440	   33798.3	   33818.8	   33818.8	   33818.8
823	    804378	   33736.5	     33799	     33799	     33799
824	    804431	   33789.6	   33787.3	   33787.3	   33787.3
825	    804529	   33887.2	   33759.5	   33759.5	   33759.5
826	    804337	   33695.4	   33685.6	   33685.6	   33685.6
827	    804227	   33585.9	   33542.9	   33542.9	   33542.9
828	    804181	   33539.3	   33270.6	   33270.6	   33270.6
829	    803887	   33245.6	   32793.4	   32793.4	   32793.4
830	    802736	   32094.6	     32175	     32175	     32175
831	    801524	   30882.9	   31677.7	   31677.7	   31677.7
832	    801810	     31169	   31548.3	   31548.3	   31548.3
833	    802229	   31587.4	   31803.6	   31803.6	   31803.6
834	    802878	   32236.6	     32283	     32283	     32283
835	    803667	   33025.6	   32798.5	   32798.5	   32798.5
836	    804001	   33359.4	   33219.2	   33219.2	   33219.2
837	    804287	   33645.5	     33505	     33505	     33505
838	    804342	   33700.8	   33686.4	   33686.4	   33686.4
839	    804446	   33804.8	   33809.1	   33809.1	   33809.1
840	    804628	   33986.9	     33891	     33891	     33891
841	    804628	   33986.9	   33932.1	   33932.1	   33932.1
842	    804517	   33875.3	   33952.7	   33952.7	   33952.7
843	    804587	   33945.7	   33980.9	   33980.9	   33980.9
844	    804737	   34095.3	   34010.7	   34010.7	   34010.7
845	    804705	   34063.8	   34014.7	   34014.7	   34014.7
846	    804627	   33985.8	   33991.1	   33991.1	   33991.1
847	    804541	   33899.1	   33967.1	   33967.1	   33967.1
848	    804599	   33957.6	   33958.4	   33958.4	   33958.4
849	    804659	   34017.3	   33950.4	   33950.4	   33950.4
850	    804573	   33931.6	   33924.9	   33924.9	   33924.9
851	    804492	   33850.3	     33874	     33874	     33874
852	    804547	   33905.6	   33756.8	   33756.8	   33756.8
853	    804472	   33830.8	   33472.7	   33472.7	   33472.7
854	    804009	   33368.1	   32951.9	   32951.9	   32951.9
855	    802711	   32069.6	   32309.4	   32309.4	   32309.4
856	    801693	   31051.9	   31833.8	   31833.8	   31833.8
857	    802089	   31447.6	     31739	     31739	     31739
858	    802465	   31823.6	   32002.1	   32002.1	   32002.1
859	    803020	   32378.5	   32464.7	   32464.7	   32464.7
860	    803823	   33181.6	   32962.6	   32962.6	   32962.6
861	    804174	   33532.8	   33381.1	   33381.1	   33381.1
862	    804349	   33707.3	   33687.3	   33687.3	   33687.3
863	    804643	   34002.1	   33899.7	   33899.7	   33899.7
864	    804777	   34135.4	   34034.7	   34034.7	   34034.7
865	    804746	     34105	   34112.8	   34112.8	   34112.8
866	    804775	   34133.2	   34170.3	   34170.3	   34170.3
867	    804865	   34223.1	   34229.2	   34229.2	   34229.2
868	    805002	   34360.8	   34281.3	   34281.3	   34281.3
869	    804947	   34305.5	     34315	     34315	     34315
870	    804942	   34300.1	   34334.4	   34334.4	   34334.4
871	    805067	   34425.8	   34338.2	   34338.2	   34338.2
872	    804991	   34349.9	   34317.6	   34317.6	   34317.6
873	    804865	   34223.1	     34285	     34285	     34285
874	    804863	   34222.1	   34260.9	   34260.9	   34260.9
875	    804969	   34327.2	   34234.3	   34234.3	   34234.3
876	    804891	   34249.2	   34174.9	   34174.9	   34174.9
877	    804663	   34021.6	   34061.9	   34061.9	   34061.9
878	    804669	   34028.1	   33841.3	   33841.3	   33841.3
879	    804686	   34044.3	   33414.2	   33414.2	   33414.2
880	    803392	   32750.3	     32807	     32807	     32807
881	    802107	   31465.9	   32285.9	   32285.9	   32285.9
882	    802338	   31696.8	   32127.7	   32127.7	   32127.7
883	    802870	   32228.9	   32356.3	   32356.3	   32356.3
884	    803373	   32731.9	   32808.4	   32808.4	   32808.4
885	    804079	   33437.4	   33313.2	   33313.2	   33313.2
886	    804548	   33906.7	   33750.4	   33750.4	   33750.4
887	    804897	   34255.7	   34055.9	   34055.9	   34055.9
888	    804940	     34299	   34235.2	   34235.2	   34235.2
889	    804905	   34263.3	   34343.9	   34343.9	   34343.9
890	    805137	   34495.2	   34424.3	   34424.3	   34424.3
891	    805210	   34568.9	   34476.2	   34476.2	   34476.2
892	    805086	   34444.3	     34502	     34502	     34502
893	    805130	   34488.7	   34525.6	   34525.6	   34525.6
894	    805231	   34589.5	   34551.6	   34551.6	   34551.6
895	    805293	   34651.3	   34559.1	   34559.1	   34559.1
896	    805153	   34511.4	   34547.8	   34547.8	   34547.8
897	    805055	   34413.9	   34545.6	   34545.6	   34545.6
898	    805306	   34664.3	   34549.9	   34549.9	   34549.9
899	    805325	   34683.8	   34518.4	   34518.4	   34518.4
900	    804974	   34332.6	   34443.8	   34443.8	   34443.8
901	    804937	   34295.8	   34355.9	   34355.9	   34355.9
902	    805064	   34422.6	   34218.6	   34218.6	   34218.6
903	    804947	   34305.5	   33914.6	   33914.6	   33914.6
904	    804360	   33718.1	   33397.8	   33397.8	   33397.8
905	    802960	   32318.9	   32838.6	   32838.6	   32838.6
906	    802489	   31847.4	   32519.8	   32519.8	   32519.8
907	    803136	   32494.5	   32568.6	   32568.6	   32568.6
908	    803347	   32705.8	   32905.6	   32905.6	   32905.6
909	    803899	   33257.5	   33400.8	   33400.8	   33400.8
910	    804809	   34167.9	   33921.4	   33921.4	   33921.4
911	    805240	   34598.1	   34331.7	   34331.7	   34331.7
912	    805341	     34700	     34573	     34573	     34573
913	    805311	   34669.7	   34693.5	   34693.5	   34693.5
914	    805395	   34753.1	     34769	     34769	     34769
915	    805511	   34869.1	   34831.5	   34831.5	   34831.5
916	    805570	   34928.7	   34875.5	   34875.5	   34875.5
917	    805518	   34876.7	   34899.6	   34899.6	   34899.6
918	    805545	   34903.8	   34914.5	   34914.5	   34914.5
919	    805611	   34969.9	   34922.1	   34922.1	   34922.1
920	    805568	   34926.6	     34917	     34917	     34917
921	    805517	   34875.6	     34903	     34903	     34903
922	    805551	   34909.2	   34887.3	   34887.3	   34887.3
923	    805513	   34871.3	   34871.5	   34871.5	   34871.5
924	    805468	   34826.8	   34852.4	   34852.4	   34852.4
925	    805529	   34887.5	   34810.3	   34810.3	   34810.3
926	    805479	   34837.7	   34695.3	   34695.3	   34695.3
927	    805261	   34619.8	   34433.2	   34433.2	   34433.2
928	    805052	   34410.6	   33967.5	   33967.5	   33967.5
929	    803917	   33275.9	   33362.7	   33362.7	   33362.7
930	    802874	   32232.2	     32849	     32849	     32849
931	    802883	     32242	   32657.9	   32657.9	   32657.9
932	    803225	   32583.4	   32843.3	   32843.3	   32843.3
933	    803740	   33098.2	   33294.7	   33294.7	   33294.7
934	    804751	   34109.4	   33828.2	   33828.2	   33828.2
935	    805134	     34493	   34277.7	   34277.7	   34277.7
936	    805273	   34631.8	   34584.8	   34584.8	   34584.8
937	    805474	   34832.3	   34784.9	   34784.9	   34784.9
938	    805628	   34986.1	   34920.4	   34920.4	   34920.4
939	    805677	     35036	   35013.2	   35013.2	   35013.2
940	    805701	   35059.9	   35081.8	   35081.8	   35081.8
941	    805804	   35162.8	   35139.6	   35139.6	   35139.6
942	    805855	   35213.8	   35188.6	   35188.6	   35188.6
943	    805844	   35202.9	     35230	     35230	     35230
944	    805920	   35278.8	   35262.5	   35262.5	   35262.5
945	    805990	   35348.1	   35271.7	   35271.7	   35271.7
946	    805939	   35297.2	   35248.3	   35248.3	   35248.3
947	    805767	   35125.9	   35214.7	   35214.7	   35214.7
948	    805772	   35130.3	   35200.7	   35200.7	   35200.7
949	    805962	   35321.1	     35194	     35194	     35194
950	    805844	   35202.9	     35155	     35155	     35155
951	    805707	   35065.3	   35061.5	   35061.5	   35061.5
952	    805664	     35023	   34883.5	   34883.5	   34883.5
953	    805506	   34864.8	   34548.1	   34548.1	   34548.1
954	    805007	   34365.1	   34017.8	   34017.8	   34017.8
955	    803681	   33039.6	   33426.3	   33426.3	   33426.3
956	    803029	   32387.2	   33042.2	   33042.2	   33042.2
957	    803388	     32747	   33037.2	   33037.2	   33037.2
958	    803797	   33155.6	   33363.7	   33363.7	   33363.7
959	    804587	   33945.7	   33848.4	   33848.4	   33848.4
960	    805143	   34501.7	   34318.1	   34318.1	   34318.1
961	    805479	   34837.7	   34671.9	   34671.9	   34671.9
962	    805611	   34969.9	   34902.7	   34902.7	   34902.7
963	    805665	   35024.1	   35058.4	   35058.4	   35058.4
964	    805869	   35227.8	   35178.6	   35178.6	   35178.6
965	    805974	   35332.9	   35268.6	   35268.6	   35268.6
966	    805974	   35332.9	   35330.7	   35330.7	   35330.7
967	    805972	   35330.8	   35384.6	   35384.6	   35384.6
968	    806090	   35448.9	   35438.2	   35438.2	   35438.2
969	    806226	   35584.4	   35464.6	   35464.6	   35464.6
970	    806175	   35533.5	   35438.3	   35438.3	   35438.3
971	    805910	     35269	   35387.5	   35387.5	   35387.5
972	    805882	   35240.8	   35365.7	   35365.7	   35365.7
973	    806126	   35484.7	     35372	     35372	     35372
974	    806109	   35467.4	   35357.7	   35357.7	   35357.7
975	    805886	   35244.1	   35309.4	   35309.4	   35309.4
976	    805831	   35189.9	   35253.3	   35253.3	   35253.3
977	    805942	   35300.4	   35173.7	   35173.7	   35173.7
978	    805861	   35219.2	   34981.7	   34981.7	   34981.7
979	    805610	   34968.8	     34591	     34591	     34591
980	    804693	   34051.9	   34036.9	   34036.9	   34036.9
981	    803682	   33040.8	   33511.7	   33511.7	   33511.7
982	    803500	   32858.6	   33236.1	   33236.1	   33236.1
983	    803617	   32975.7	   33310.5	   33310.5	   33310.5
984	    803993	   33351.8	   33692.4	   33692.4	   33692.4
985	    805114	   34472.4	   34222.3	   34222.3	   34222.3
986	    805636	   34994.8	   34702.2	   34702.2	   34702.2
987	    805712	   35070.7	   35034.6	   35034.6	   35034.6
988	    805930	   35288.5	   35242.6	   35242.6	   35242.6
989	    806147	   35505.3	   35367.2	   35367.2	   35367.2
990	    806086	   35444.6	   35435.6	   35435.6	   35435.6
991	    806012	   35370.9	     35489	     35489	     35489
992	    806237	   35595.3	   35553.4	   35553.4	   35553.4
993	    806335	   35693.9	   35610.9	   35610.9	   35610.9
994	    806278	   35636.4	   35641.8	   35641.8	   35641.8
995	    806274	   35632.1	     35654	     35654	     35654
996	    806336	   35694.9	   35657.6	   35657.6	   35657.6
997	    806315	   35673.3	   35652.3	   35652.3	   35652.3
998	    806234	   35593.1	   35642.3	   35642.3	   35642.3
999	    806292	   35650.5	   35630.2	   35630.2	   35630.2
1000	    806335	   35693.9	   35606.6	   35606.6	   35606.6
1001	    806130	   35489.1	   35568.9	   35568.9	   35568.9
1002	    806167	   35525.9	   35510.5	   35510.5	   35510.5
1003	    806271	   35629.9	   35367.7	   35367.7	   35367.7
1004	    806000	     35359	   35039.8	   35039.8	   35039.8
1005	    805413	   34771.6	   34514.6	   34514.6	   34514.6
1006	    804129	   33487.3	   33961.3	   33961.3	   33961.3
1007	    803719	   33077.6	   33633.5	   33633.5	   33633.5
1008	    804136	   33494.8	   33660.5	   33660.5	   33660.5
1009	    804297	   33655.3	   34000.1	   34000.1	   34000.1
1010	    805150	   34508.2	   34519.4	   34519.4	   34519.4
1011	    806034	   35392.6	   35033.7	   35033.7	   35033.7
1012	    806303	   35661.4	   35391.8	   35391.8	   35391.8
1013	    806185	   35543.3	     35588	     35588	     35588
1014	    806285	     35644	   35715.8	   35715.8	   35715.8
1015	    806547	   35905.2	   35826.6	   35826.6	   35826.6
1016	    806669	   36027.7	   35900.8	   35900.8	   35900.8
1017	    806561	   35919.3	   35929.3	   35929.3	   35929.3
1018	    806485	   35843.4	   35949.8	   35949.8	   35949.8
1019	    806637	   35995.2	   35991.1	   35991.1	   35991.1
1020	    806753	   36111.1	   36030.7	   36030.7	   36030.7
1021	    806757	   36115.5	   36031.1	   36031.1	   36031.1
1022	    806626	   35984.3	   35994.8	   35994.8	   35994.8
1023	    806485	   35843.4	     35960	     35960	     35960
1024	    806618	   35976.8	   35944.8	   35944.8	   35944.8
1025	    806677	   36035.3	   35923.3	   35923.3	   35923.3
1026	    806476	   35834.8	   35872.5	   35872.5	   35872.5
1027	    806439	   35797.9	     35785	     35785	     35785
1028	    806440	     35799	   35608.4	   35608.4	   35608.4
1029	    806339	   35697.1	   35242.3	   35242.3	   35242.3
1030	    805514	   34872.4	   34681.5	   34681.5	   34681.5
1031	    804087	   33446.1	   34134.1	   34134.1	   34134.1
1032	    804056	   33414.6	   33877.6	   33877.6	   33877.6
1033	    804381	   33739.8	   34012.9	   34012.9	   34012.9
1034	    804879	   34237.3	   34436.8	   34436.8	   34436.8
1035	    805855	   35213.8	     34957	     34957	     34957
1036	    806271	   35629.9	   35403.1	   35403.1	   35403.1
1037	    806372	   35730.8	   35714.6	   35714.6	   35714.6
1038	    806628	   35986.5	   35919.8	   35919.8	   35919.8
1039	    806808	   36166.4	   36047.9	   36047.9	   36047.9
1040	    806781	   36139.3	   36116.5	   36116.5	   36116.5
1041	    806733	   36091.6	   36159.8	   36159.8	   36159.8
1042	    806841	     36200	   36204.3	   36204.3	   36204.3
1043	    806980	   36338.8	   36238.7	   36238.7	   36238.7
1044	    806912	   36270.4	   36246.9	   36246.9	   36246.9
1045	    806799	   36157.8	   36247.6	   36247.6	   36247.6
1046	    806865	   36223.9	   36264.2	   36264.2	   36264.2
1047	    807056	   36414.6	   36277.1	   36277.1	   36277.1
1048	    806954	   36312.8	   36256.5	   36256.5	   36256.5
1049	    806723	   36081.9	   36217.2	   36217.2	   36217.2
1050	    806846	   36204.3	     36185	     36185	     36185
1051	    806915	   36273.7	   36138.6	   36138.6	   36138.6
1052	    806711	   36069.9	   36035.2	   36035.2	   36035.2
1053	    806531	   35890.1	   35826.7	   35826.7	   35826.7
1054	    806598	   35956.1	   35433.2	   35433.2	   35433.2
1055	    805729	     35088	   34841.1	   34841.1	   34841.1
1056	    804161	   33519.8	     34260	     34260	     34260
1057	    804025	   33383.2	   33991.9	   33991.9	   33991.9
1058	    804649	   34007.5	   34127.3	   34127.3	   34127.3
1059	    805106	   34464.8	   34528.5	   34528.5	   34528.5
1060	    805636	   34994.8	   35029.8	   35029.8	   35029.8
1061	    806290	   35648.4	   35510.6	   35510.6	   35510.6
1062	    806832	   36190.3	     35870	     35870	     35870
1063	    806835	   36193.5	   36071.6	   36071.6	   36071.6
1064	    806662	   36020.1	   36184.4	   36184.4	   36184.4
1065	    806899	   36257.4	   36293.9	   36293.9	   36293.9
1066	    807189	   36547.9	   36393.8	   36393.8	   36393.8
1067	    807246	   36604.3	   36430.5	   36430.5	   36430.5
1068	    806939	   36297.6	   36416.7	   36416.7	   36416.7
1069	    806878	   36236.9	   36423.3	   36423.3	   36423.3
1070	    807246	   36604.3	   36466.8	   36466.8	   36466.8
1071	    807250	   36608.6	   36495.3	   36495.3	   36495.3
1072	    807058	   36416.8	   36488.9	   36488.9	   36488.9
1073	    807059	   36417.9	   36478.9	   36478.9	   36478.9
1074	    807182	   36540.3	   36473.5	   36473.5	   36473.5
1075	    807188	   36546.8	   36444.7	   36444.7	   36444.7
1076	    806969	   36327.9	   36378.8	   36378.8	   36378.8
1077	    806940	   36298.6	   36267.8	   36267.8	   36267.8
1078	    806966	   36324.6	   36044.1	   36044.1	   36044.1
1079	    806733	   36091.6	   35617.9	   35617.9	   35617.9
1080	    805539	   34897.3	   35041.5	   35041.5	   35041.5
1081	    804594	   33952.2	   34552.1	   34552.1	   34552.1
1082	    804659	   34017.3	   34371.6	   34371.6	   34371.6
1083	    804972	   34330.4	   34538.9	   34538.9	   34538.9
1084	    805346	   34704.4	   34956.2	   34956.2	   34956.2
1085	    806330	   35688.4	   35466.9	   35466.9	   35466.9
1086	    806829	   36188.1	   35910.7	   35910.7	   35910.7
1087	    806877	   36235.8	   36218.5	   36218.5	   36218.5
1088	    807083	   36441.7	   36422.8	   36422.8	   36422.8
1089	    807315	   36673.6	   36563.5	   36563.5	   36563.5
1090	    807330	   36688.8	   36655.3	   36655.3	   36655.3
1091	    807307	   36666.1	     36721	     36721	     36721
1092	    807418	   36776.6	   36782.4	   36782.4	   36782.4
1093	    807558	   36916.4	   36826.1	   36826.1	   36826.1
1094	    807569	   36927.3	   36825.8	   36825.8	   36825.8
1095	    807366	   36724.6	   36794.1	   36794.1	   36794.1
1096	    807315	   36673.6	   36776.4	   36776.4	   36776.4
1097	    807464	   36822.1	     36788	     36788	     36788
1098	    807521	   36879.6	   36798.8	   36798.8	   36798.8
1099	    807429	   36787.4	   36788.3	   36788.3	   36788.3
1100	    807337	   36695.3	   36772.1	   36772.1	   36772.1
1101	    807423	     36782	     36754	     36754	     36754
1102	    807507	   36865.4	   36681.1	   36681.1	   36681.1
1103	    807324	   36682.3	   36456.6	   36456.6	   36456.6
1104	    806963	   36321.4	   35964.7	   35964.7	   35964.7
1105	    806426	   35784.9	   35102.4	   35102.4	   35102.4
1106	    804712	   34070.3	   33900.8	   33900.8	   33900.8
1107	    802687	   32045.8	   32598.9	   32598.9	   32598.9
1108	    801892	   31250.3	   31480.6	   31480.6	   31480.6
1109	    800977	   30335.6	   30706.6	   30706.6	   30706.6
1110	    800319	   29677.7	   30356.1	   30356.1	   30356.1
1111	    800692	   30050.5	   30439.9	   30439.9	   30439.9
1112	    801598	   30956.6	   30839.8	   30839.8	   30839.8
1113	    801847	   31205.9	   31386.4	   31386.4	   31386.4
1114	    802640	   31998.1	   31957.8	   31957.8	   31957.8
1115	    803589	   32947.5	   32489.4	   32489.4	   32489.4
1116	    803106	   32464.1	   33046.9	   33046.9	   33046.9
1117	    803890	   33248.8	   33780.6	   33780.6	   33780.6
1118	    805791	   35149.8	   34643.6	   34643.6	   34643.6
1119	    806458	   35816.3	   35359.8	   35359.8	   35359.8
1120	    806718	   36076.4	   35696.7	   35696.7	   35696.7
1121	    806826	   36184.8	   35580.1	   35580.1	   35580.1
1122	    806109	   35467.4	   35107.9	   35107.9	   35107.9
1123	    804434	   33792.9	   34630.3	   34630.3	   34630.3
1124	    803985	   33343.1	   34563.3	   34563.3	   34563.3
1125	    806059	   35417.5	   34938.1	   34938.1	   34938.1
1126	    806487	   35845.6	   35387.4	   35387.4	   35387.4
1127	    806413	   35771.9	   35632.6	   35632.6	   35632.6
1128	    806265	   35623.4	   35670.3	   35670.3	   35670.3
1129	    806432	   35790.3	   35504.4	   35504.4	   35504.4
1130	    806530	   35888.9	   34982.3	   34982.3	   34982.3
1131	    805098	   34456.2	   34004.2	   34004.2	   34004.2
1132	    803032	   32390.4	   32774.9	   32774.9	   32774.9
1133	    801628	   30986.9	   31675.9	   31675.9	   31675.9
1134	    801416	   30774.5	   30929.6	   30929.6	   30929.6
1135	    800941	   30299.8	   30547.4	   30547.4	   30547.4
1136	    800508	   29866.3	     30518	     30518	     30518
1137	    801284	   30642.3	   30823.9	   30823.9	   30823.9
1138	    802147	   31506.1	   31346.3	   31346.3	   31346.3
1139	    802372	   31730.4	   31935.7	   31935.7	   31935.7
1140	    803438	   32796.9	   32506.3	   32506.3	   32506.3
1141	    803740	   33098.2	   33063.3	   33063.3	   33063.3
1142	    803614	   32972.4	   33715.8	   33715.8	   33715.8
1143	    805354	   34713.1	   34513.1	   34513.1	   34513.1
1144	    806342	   35700.4	   35283.6	   35283.6	   35283.6
1145	    806814	   36172.9	   35785.6	   35785.6	   35785.6
1146	    806984	   36343.1	   35885.5	   35885.5	   35885.5
1147	    806775	   36133.9	   35591.6	   35591.6	   35591.6
1148	    805527	   34885.4	   35128.1	   35128.1	   35128.1
1149	    804246	   33604.3	   34899.5	   34899.5	   34899.5
1150	    805664	     35023	   35115.3	   35115.3	   35115.3
1151	    806697	   36055.9	   35550.4	   35550.4	   35550.4
1152	    806775	   36133.9	   35861.7	   35861.7	   35861.7
1153	    806691	   36049.4	   35923.1	   35923.1	   35923.1
1154	    806524	   35882.4	   35722.1	   35722.1	   35722.1
1155	    806625	   35983.3	   35146.9	   35146.9	   35146.9
1156	    805506	   34864.8	   34093.9	   34093.9	   34093.9
1157	    802857	   32215.9	   32772.7	   32772.7	   32772.7
1158	    801292	   30650.9	   31653.6	   31653.6	   31653.6
1159	    801432	   30790.8	     31028	     31028	     31028
1160	    801284	   30642.3	   30849.7	   30849.7	   30849.7
1161	    801274	   30632.5	   30993.5	   30993.5	   30993.5
1162	    801832	   31190.7	   31415.1	   31415.1	   31415.1
1163	    802358	   31716.3	   32052.9	   32052.9	   32052.9
1164	    803932	   33291.1	   32735.1	   32735.1	   32735.1
1165	    804296	   33654.2	   33321.9	   33321.9	   33321.9
1166	    803606	   32964.9	   33919.3	   33919.3	   33919.3
1167	    805273	   34631.8	   34686.8	   34686.8	   34686.8
1168	    806757	   36115.5	   35495.1	   35495.1	   35495.1
1169	    807077	   36435.2	   36066.8	   36066.8	   36066.8
1170	    807152	   36511.1	   36278.4	   36278.4	   36278.4
1171	    807149	   36507.8	     36129	     36129	     36129
1172	    806956	   36314.9	   35670.8	   35670.8	   35670.8
1173	    805015	   34373.8	   35162.5	   35162.5	   35162.5
1174	    804492	   33850.3	   35016.6	   35016.6	   35016.6
1175	    806065	     35424	   35357.8	   35357.8	   35357.8
1176	    807009	     36368	   35873.1	   35873.1	   35873.1
1177	    807165	   36524.1	   36209.2	   36209.2	   36209.2
1178	    807067	   36425.4	   36260.6	   36260.6	   36260.6
1179	    806844	   36202.2	   36039.3	   36039.3	   36039.3
1180	    806763	     36122	     35468	     35468	     35468
1181	    805948	   35306.9	   34450.1	   34450.1	   34450.1
1182	    803314	   32672.3	     33150	     33150	     33150
1183	    801746	   31105.1	   31991.7	   31991.7	   31991.7
1184	    801655	     31014	     31273	     31273	     31273
1185	    801369	   30727.9	   30997.8	   30997.8	   30997.8
1186	    801247	   30605.4	   31077.3	   31077.3	   31077.3
1187	    801946	   31304.5	   31431.9	   31431.9	   31431.9
1188	    802735	   32093.5	   31944.1	   31944.1	   31944.1
1189	    802956	   32314.6	   32504.4	   32504.4	   32504.4
1190	    803892	     33251	   33065.5	   33065.5	   33065.5
1191	    804284	   33642.3	   33646.2	   33646.2	   33646.2
1192	    804355	   33713.8	   34331.9	   34331.9	   34331.9
1193	    805955	   35313.4	   35142.4	   35142.4	   35142.4
1194	    806992	   36350.6	   35910.1	   35910.1	   35910.1
1195	    807362	   36720.3	   36414.8	   36414.8	   36414.8
1196	    807647	   37005.3	   36520.4	   36520.4	   36520.4
1197	    807578	     36937	   36206.2	   36206.2	   36206.2
1198	    805962	   35321.1	   35695.5	   35695.5	   35695.5
1199	    804704	   34062.8	   35438.2	   35438.2	   35438.2
1200	    806199	   35557.3	   35669.5	   35669.5	   35669.5
1201	    807365	   36723.5	   36142.3	   36142.3	   36142.3
1202	    807344	   36702.9	   36489.7	   36489.7	   36489.7
1203	    807352	   36710.5	   36575.7	   36575.7	   36575.7
1204	    807348	   36706.1	   36373.1	   36373.1	   36373.1
1205	    807144	   36502.4	   35782.5	   35782.5	   35782.5
1206	    805971	   35329.7	   34751.4	   34751.4	   34751.4
1207	    803641	   32999.6	   33490.5	   33490.5	   33490.5
1208	    802378	   31736.9	   32389.3	   32389.3	   32389.3
1209	    801975	   31333.8	   31700.1	   31700.1	   31700.1
1210	    801770	   31128.9	   31437.2	   31437.2	   31437.2
1211	    801801	   31159.3	   31518.9	   31518.9	   31518.9
1212	    802428	   31786.8	   31854.6	   31854.6	   31854.6
1213	    802934	   32292.9	   32342.5	   32342.5	   32342.5
1214	    803406	   32764.4	   32872.4	   32872.4	   32872.4
1215	    804610	   33968.4	   33351.7	   33351.7	   33351.7
1216	    804016	   33374.6	   33836.6	   33836.6	   33836.6
1217	    804189	   33547.9	   34537.8	   34537.8	   34537.8
1218	    806591	   35949.6	   35457.7	   35457.7	   35457.7
1219	    807749	   37107.1	   36249.2	   36249.2	   36249.2
1220	    807552	     36911	   36621.5	   36621.5	   36621.5
1221	    807345	     36704	   36581.4	   36581.4	   36581.4
1222	    807410	     36769	   36267.3	   36267.3	   36267.3
1223	    806189	   35547.6	   35891.9	   35891.9	   35891.9
1224	    805322	   34680.5	   35764.1	   35764.1	   35764.1
1225	    806707	   36065.6	   36026.2	   36026.2	   36026.2
1226	    807344	   36702.9	   36472.1	   36472.1	   36472.1
1227	    807860	   37218.8	   36789.6	   36789.6	   36789.6
1228	    807728	   37086.6	   36807.3	   36807.3	   36807.3
1229	    807426	   36784.2	   36464.3	   36464.3	   36464.3
1230	    807110	   36468.8	   35713.8	   35713.8	   35713.8
1231	    805377	   34735.8	   34600.6	   34600.6	   34600.6
1232	    803617	   32975.7	   33371.1	   33371.1	   33371.1
1233	    802437	   31795.4	   32345.2	   32345.2	   32345.2
1234	    802039	   31397.7	   31707.1	   31707.1	   31707.1
1235	    801664	   31022.7	   31492.7	   31492.7	   31492.7
1236	    801839	   31197.2	   31668.4	   31668.4	   31668.4
1237	    802888	   32246.3	   32124.9	   32124.9	   32124.9
1238	    803271	     32630	   32699.1	   32699.1	   32699.1
1239	    803980	   33338.8	   33260.6	   33260.6	   33260.6
1240	    804794	   34152.7	   33765.8	   33765.8	   33765.8
1241	    804301	   33659.6	   34317.8	   34317.8	   34317.8
1242	    805220	   34578.6	   35066.7	   35066.7	   35066.7
1243	    807185	   36543.6	   35931.6	   35931.6	   35931.6
1244	    807688	   37046.4	   36631.2	   36631.2	   36631.2
1245	    807868	   37226.4	   36980.8	   36980.8	   36980.8
1246	    808022	   37380.3	   36937.8	   36937.8	   36937.8
1247	    807850	     37209	   36532.6	   36532.6	   36532.6
1248	    806066	   35425.1	   36005.8	   36005.8	   36005.8
1249	    805177	   34535.3	   35785.6	   35785.6	   35785.6
1250	    806648	   36007.1	   36054.2	   36054.2	   36054.2
1251	    807705	   37063.8	   36544.5	   36544.5	   36544.5
1252	    807750	   37108.3	   36912.6	   36912.6	   36912.6
1253	    807786	   37145.1	   37039.9	   37039.9	   37039.9
1254	    807901	   37259.9	   36899.5	   36899.5	   36899.5
1255	    807650	   37008.5	   36388.3	   36388.3	   36388.3
1256	    806694	   36052.6	   35413.6	   35413.6	   35413.6
1257	    804680	   34038.9	     34043	     34043	     34043
1258	    802914	   32272.3	   32387.1	   32387.1	   32387.1
1259	    802184	   31542.9	   30284.9	   30284.9	   30284.9
1260	    799593	   28951.6	     27388	     27388	     27388
1261	    794518	   23876.1	   23757.8	   23757.8	   23757.8
1262	    789217	   18575.3	   20144.1	   20144.1	   20144.1
1263	    786164	   15522.2	   17435.7	   17435.7	   17435.7
1264	    785887	   15245.8	   15936.8	   15936.8	   15936.8
1265	    785815	   15173.2	   15317.5	   15317.5	   15317.5
1266	    785612	   14970.6	   15122.1	   15122.1	   15122.1
1267	    785633	   14991.1	   15097.2	   15097.2	   15097.2
1268	    785842	   15200.3	   15134.5	   15134.5	   15134.5
1269	    785919	   15277.3	   15173.7	   15173.7	   15173.7
1270	    785700	   15058.3	     15211	     15211	     15211
1271	    785855	   15213.3	   15273.2	   15273.2	   15273.2
1272	    786145	   15503.8	   15346.5	   15346.5	   15346.5
1273	    786045	   15404.1	   15397.5	   15397.5	   15397.5
1274	    785976	   15334.7	   15433.3	   15433.3	   15433.3
1275	    786158	   15516.8	   15470.3	   15470.3	   15470.3
1276	    786239	   15598.1	   15495.4	   15495.4	   15495.4
1277	    786067	   15425.8	   15504.9	   15504.9	   15504.9
1278	    786104	   15462.6	   15520.4	   15520.4	   15520.4
1279	    786275	   15633.8	   15542.6	   15542.6	   15542.6
1280	    786226	   15585.1	     15554	     15554	     15554
1281	    786096	     15455	   15561.2	   15561.2	   15561.2
1282	    786234	   15592.6	   15575.2	   15575.2	   15575.2
1283	    786358	   15716.2	   15575.7	   15575.7	   15575.7
1284	    786160	   15518.9	   15553.2	   15553.2	   15553.2
1285	    786010	   15368.3	   15540.6	   15540.6	   15540.6
1286	    786287	   15645.8	   15548.4	   15548.4	   15548.4
1287	    786358	   15716.2	   15542.9	   15542.9	   15542.9
1288	    785948	   15306.5	   15530.7	   15530.7	   15530.7
1289	    786074	   15432.3	   15556.3	   15556.3	   15556.3
1290	    786496	   15854.9	     15597	     15597	     15597
1291	    786316	     15675	   15595.4	   15595.4	   15595.4
1292	    785989	   15347.7	     15580	     15580	     15580
1293	    786136	   15495.1	   15617.2	   15617.2	   15617.2
1294	    786544	   15902.6	   15684.9	   15684.9	   15684.9
1295	    786467	   15825.6	     15717	     15717	     15717
1296	    786147	   15505.9	   15727.7	   15727.7	   15727.7
1297	    786346	   15704.3	     15771	     15771	     15771
1298	    786678	     16037	   15826.8	   15826.8	   15826.8
1299	    786541	   15899.4	   15844.5	   15844.5	   15844.5
1300	    786309	   15667.4	   15845.5	   15845.5	   15845.5
1301	    786464	   15822.4	   15876.1	   15876.1	   15876.1
1302	    786737	   16095.5	   15911.7	   15911.7	   15911.7
1303	    786634	   15992.6	   15901.9	   15901.9	   15901.9
1304	    786355	     15714	   15868.5	   15868.5	   15868.5
1305	    786390	   15748.7	   15874.1	   15874.1	   15874.1
1306	    786657	   16015.3	   15918.4	   15918.4	   15918.4
1307	    786720	   16078.2	   15945.1	   15945.1	   15945.1
1308	    786521	   15879.8	   15940.6	   15940.6	   15940.6
1309	    786430	   15788.8	   15950.4	   15950.4	   15950.4
1310	    786697	   16055.4	   15988.9	   15988.9	   15988.9
1311	    786841	   16199.6	   16009.7	   16009.7	   16009.7
1312	    786545	   15903.7	   15993.2	   15993.2	   15993.2
1313	    786493	   15851.7	   15980.1	   15980.1	   15980.1
1314	    786729	   16087.9	   15989.1	   15989.1	   15989.1
1315	    786701	   16059.8	   15995.3	   15995.3	   15995.3
1316	    786518	   15876.6	   15996.2	   15996.2	   15996.2
1317	    786631	   15989.3	     16012	     16012	     16012
1318	    786791	   16149.7	     16033	     16033	     16033
1319	    786657	   16015.3	   16040.1	   16040.1	   16040.1
1320	    786604	   15962.2	   16039.6	   16039.6	   16039.6
1321	    786779	   16137.8	   16031.7	   16031.7	   16031.7
1322	    786721	   16079.3	   16003.4	   16003.4	   16003.4
1323	    786445	     15804	     15979	     15979	     15979
1324	    786541	   15899.4	   15997.5	   15997.5	   15997.5
1325	    786855	   16213.6	   16034.7	   16034.7	   16034.7
1326	    786791	   16149.7	     16039	     16039	     16039
1327	    786452	   15810.5	   16033.3	   16033.3	   16033.3
1328	    786592	   15950.3	   16075.6	   16075.6	   16075.6
1329	    787015	   16374.1	   16143.9	   16143.9	   16143.9
1330	    786901	   16259.2	   16174.5	   16174.5	   16174.5
1331	    786632	   15990.4	     16176	     16176	     16176
1332	    786824	   16182.3	   16192.9	   16192.9	   16192.9
1333	    787024	   16382.8	     16215	     16215	     16215
1334	    786804	   16162.7	   16219.1	   16219.1	   16219.1
1335	    786743	     16102	   16224.3	   16224.3	   16224.3
1336	    786988	   16346.9	   16238.6	   16238.6	   16238.6
1337	    786975	   16333.9	   16235.5	   16235.5	   16235.5
1338	    786734	   16092.3	   16219.6	   16219.6	   16219.6
1339	    786777	   16135.6	   16225.7	   16225.7	   16225.7
1340	    787031	   16389.3	   16244.3	   16244.3	   16244.3
1341	    786957	   16315.5	   16233.6	   16233.6	   16233.6
1342	    786729	   16087.9	   16199.3	   16199.3	   16199.3
1343	    786758	   16116.1	   16183.5	   16183.5	   16183.5
1344	    786901	   16259.2	     16193	     16193	     16193
1345	    786867	   16225.6	   16202.4	   16202.4	   16202.4
1346	    786806	   16164.9	   16207.5	   16207.5	   16207.5
1347	    786831	   16189.8	   16227.9	   16227.9	   16227.9
1348	    786885	     16244	   16271.5	   16271.5	   16271.5
1349	    787015	   16374.1	     16320	     16320	     16320
1350	    787044	   16402.3	   16348.1	   16348.1	   16348.1
1351	    786979	   16337.2	     16354	     16354	     16354
1352	    786954	   16312.3	   16355.4	   16355.4	   16355.4
1353	    787036	   16394.6	   16357.8	   16357.8	   16357.8
1354	    787054	   16413.1	   16351.3	   16351.3	   16351.3
1355	    786897	   16255.9	   16343.1	   16343.1	   16343.1
1356	    786944	   16302.5	   16354.5	   16354.5	   16354.5
1357	    787092	     16451	   16382.7	   16382.7	   16382.7
1358	    787057	   16415.3	   16405.2	   16405.2	   16405.2
1359	    787040	     16399	   16414.9	   16414.9	   16414.9
1360	    787079	     16438	   16420.3	   16420.3	   16420.3
1361	    787045	   16403.3	   16428.3	   16428.3	   16428.3
1362	    787076	   16434.8	   16439.4	   16439.4	   16439.4
1363	    787130	   16488.9	   16444.7	   16444.7	   16444.7
1364	    787100	   16458.6	   16437.1	   16437.1	   16437.1
1365	    787017	   16375.1	   16429.7	   16429.7	   16429.7
1366	    787022	   16380.6	   16442.3	   16442.3	   16442.3
1367	    787175	   16533.4	   16470.7	   16470.7	   16470.7
1368	    787168	   16526.9	   16498.7	   16498.7	   16498.7
1369	    787067	   16426.1	   16534.4	   16534.4	   16534.4
1370	    787212	   16570.3	   16592.2	   16592.2	   16592.2
1371	    787402	     16761	   16650.5	   16650.5	   16650.5
1372	    787377	   16736.1	   16678.4	   16678.4	   16678.4
1373	    787228	   16586.5	     16687	     16687	     16687
1374	    787334	   16692.7	   16705.8	   16705.8	   16705.8
1375	    787439	   16797.8	   16734.7	   16734.7	   16734.7
1376	    787384	   16742.6	   16760.5	   16760.5	   16760.5
1377	    787387	   16745.8	   16787.8	   16787.8	   16787.8
1378	    787471	   16829.3	   16819.2	   16819.2	   16819.2
1379	    787571	   16930.1	   16838.3	   16838.3	   16838.3
1380	    787463	   16821.7	   16840.8	   16840.8	   16840.8
1381	    787373	   16731.7	   16852.5	   16852.5	   16852.5
1382	    787568	   16926.8	   16885.2	   16885.2	   16885.2
1383	    787652	   17010.3	   16910.5	   16910.5	   16910.5
1384	    787544	   16902.9	   16908.2	   16908.2	   16908.2
1385	    787464	   16822.8	   16899.1	   16899.1	   16899.1
1386	    787553	   16911.6	   16911.4	   16911.4	   16911.4
1387	    787582	   16940.9	   16963.5	   16963.5	   16963.5
1388	    787580	   16938.7	   17104.7	   17104.7	   17104.7
1389	    787615	   16973.4	     17400	     17400	     17400
1390	    788531	   17889.2	   17783.2	   17783.2	   17783.2
1391	    789569	   18927.5	   17996.7	   17996.7	   17996.7
1392	    788822	   18180.8	   17854.4	   17854.4	   17854.4
1393	    787673	   17031.9	   17495.1	   17495.1	   17495.1
1394	    787639	   16997.3	   17196.4	   17196.4	   17196.4
1395	    787628	   16986.4	   17064.7	   17064.7	   17064.7
1396	    787713	     17072	   17035.5	   17035.5	   17035.5
1397	    787684	   17042.8	   17032.9	   17032.9	   17032.9
1398	    787631	   16989.6	   17032.3	   17032.3	   17032.3
1399	    787697	   17055.8	     17030	     17030	     17030
1400	    787726	     17085	   17018.6	   17018.6	   17018.6
1401	    787574	   16932.2	   17006.3	   17006.3	   17006.3
1402	    787562	   16920.3	   17015.5	   17015.5	   17015.5
1403	    787788	   17146.8	   17036.9	   17036.9	   17036.9
1404	    787770	   17128.4	     17038	     17038	     17038
1405	    787538	   16896.4	   17026.6	   17026.6	   17026.6
1406	    787600	   16958.3	     17041	     17041	     17041
1407	    787828	   17186.9	   17076.1	   17076.1	   17076.1
1408	    787803	     17162	   17094.9	   17094.9	   17094.9
1409	    787639	   16997.3	   17098.5	   17098.5	   17098.5
1410	    787711	   17069.9	   17114.5	   17114.5	   17114.5
1411	    787889	   17247.6	   17138.8	   17138.8	   17138.8
1412	    787791	   17150.1	   17151.1	   17151.1	   17151.1
1413	    787710	   17068.8	     17159	     17159	     17159
1414	    787864	   17222.7	   17172.1	   17172.1	   17172.1
1415	    787893	   17251.9	   17176.9	   17176.9	   17176.9
1416	    787743	   17101.3	     17173	     17173	     17173
1417	    787754	   17112.1	   17180.4	   17180.4	   17180.4
1418	    787942	   17300.7	   17196.6	   17196.6	   17196.6
1419	    787862	   17220.5	   17203.6	   17203.6	   17203.6
1420	    787742	   17100.2	   17213.4	   17213.4	   17213.4
1421	    787874	   17232.4	   17244.8	   17244.8	   17244.8
1422	    788023	     17382	   17279.3	   17279.3	   17279.3
1423	    787965	   17323.4	   17292.3	   17292.3	   17292.3
1424	    787825	   17183.6	   17302.4	   17302.4	   17302.4
1425	    787941	   17299.6	   17336.8	   17336.8	   17336.8
1426	    788145	   17503.4	   17379.1	   17379.1	   17379.1
1427	    788058	   17416.7	   17400.7	   17400.7	   17400.7
1428	    787951	   17309.4	   17411.7	   17411.7	   17411.7
1429	    788111	   17469.8	   17430.4	   17430.4	   17430.4
1430	    788144	   17502.3	     17446	     17446	     17446
1431	    788073	   17431.8	     17447	     17447	     17447
1432	    788054	   17412.3	   17444.6	   17444.6	   17444.6
1433	    788094	   17452.4	   17448.7	   17448.7	   17448.7
1434	    788124	   17482.8	   17451.5	   17451.5	   17451.5
1435	    788098	   17456.8	   17443.5	   17443.5	   17443.5
1436	    788060	   17418.8	   17431.9	   17431.9	   17431.9
1437	    788008	   17366.8	   17435.6	   17435.6	   17435.6
1438	    788096	   17454.6	   17458.7	   17458.7	   17458.7
1439	    788209	   17567.3	     17478	     17478	     17478
1440	    788137	   17495.8	   17475.3	   17475.3	   17475.3
1441	    788026	   17384.1	   17470.8	   17470.8	   17470.8
1442	    788069	   17427.5	   17496.7	   17496.7	   17496.7
1443	    788238	   17596.6	   17547.1	   17547.1	   17547.1
1444	    788305	   17663.8	   17584.2	   17584.2	   17584.2
1445	    788241	   17599.8	   17589.9	   17589.9	   17589.9
1446	    788171	   17529.4	   17584.8	   17584.8	   17584.8
1447	    788203	   17561.9	   17592.3	   17592.3	   17592.3
1448	    788303	   17661.6	   17604.9	   17604.9	   17604.9
1449	    788298	   17656.2	   17602.1	   17602.1	   17602.1
1450	    788169	   17527.2	   17590.8	   17590.8	   17590.8
1451	    788162	   17520.7	     17597	     17597	     17597
1452	    788318	   17676.8	   17616.1	   17616.1	   17616.1
1453	    788377	   17735.3	   17612.6	   17612.6	   17612.6
1454	    788171	   17529.4	   17582.6	   17582.6	   17582.6
1455	    788073	   17431.8	   17572.4	   17572.4	   17572.4
1456	    788229	   17587.9	   17610.8	   17610.8	   17610.8
1457	    788407	   17765.6	   17664.8	   17664.8	   17664.8
1458	    788404	   17762.4	   17688.6	   17688.6	   17688.6
1459	    788266	   17624.8	   17687.3	   17687.3	   17687.3
1460	    788244	   17603.1	   17697.6	   17697.6	   17697.6
1461	    788444	   17802.5	   17722.8	   17722.8	   17722.8
1462	    788473	   17831.8	   17733.7	   17733.7	   17733.7
1463	    788259	   17617.2	   17730.4	   17730.4	   17730.4
1464	    788327	   17685.4	   17739.5	   17739.5	   17739.5
1465	    788519	   17877.3	   17753.9	   17753.9	   17753.9
1466	    788427	   17785.2	     17746	     17746	     17746
1467	    788274	   17632.4	     17730	     17730	     17730
1468	    788300	   17658.4	   17744.3	   17744.3	   17744.3
1469	    788486	   17844.8	   17786.9	   17786.9	   17786.9
1470	    788556	   17914.1	     17818	     17818	     17818
1471	    788421	   17779.8	   17820.7	   17820.7	   17820.7
1472	    788429	   17787.3	     17811	     17811	     17811
1473	    788498	   17856.7	     17799	     17799	     17799
1474	    788416	   17774.3	   17787.5	   17787.5	   17787.5
1475	    788327	   17685.4	   17792.8	   17792.8	   17792.8
1476	    788478	   17836.1	   17820.9	   17820.9	   17820.9
1477	    788608	   17966.1	     17844	     17844	     17844
1478	    788454	   17812.3	   17846.6	   17846.6	   17846.6
1479	    788389	   17747.3	     17854	     17854	     17854
1480	    788554	   17913.1	   17884.6	   17884.6	   17884.6
1481	    788629	   17987.8	   17918.8	   17918.8	   17918.8
1482	    788556	   17914.1	   17940.7	   17940.7	   17940.7
1483	    788565	   17923.9	   17962.5	   17962.5	   17962.5
1484	    788631	     17990	   17993.1	   17993.1	   17993.1
1485	    788732	   18090.8	   18016.1	   18016.1	   18016.1
1486	    788681	   18039.9	   18015.9	   18015.9	   18015.9
1487	    788591	   17949.9	   18004.3	   18004.3	   18004.3
1488	    788628	   17986.8	   18004.3	   18004.3	   18004.3
1489	    788657	     18016	   18020.6	   18020.6	   18020.6
1490	    788705	   18063.7	   18040.3	   18040.3	   18040.3
1491	    788703	   18061.5	   18049.8	   18049.8	   18049.8
1492	    788712	   18070.2	   18044.8	   18044.8	   18044.8
1493	    788673	   18031.2	   18036.5	   18036.5	   18036.5
1494	    788580	   17939.1	   18048.4	   18048.4	   18048.4
1495	    788726	   18084.3	   18083.7	   18083.7	   18083.7
1496	    788915	   18273.9	   18105.9	   18105.9	   18105.9
1497	    788731	   18089.7	   18091.3	   18091.3	   18091.3
1498	    788563	   17921.8	   18076.6	   18076.6	   18076.6
1499	    788712	   18070.2	   18102.9	   18102.9	   18102.9
1500	    788897	   18255.5	   18155.6	   18155.6	   18155.6
1501	    788808	   18166.7	   18200.7	   18200.7	   18200.7
