Data	etched_(PECVD_SiO2+PR)_3min
Recipe	SINGH
Site Name	
Points	1244
X-Resolution	0.399839
X-Coord	15277.53
Y-Coord	3993.60
	       Raw	Intermediate	    Normal	 Roughness	  Waviness
1	-8.27423e+006	         0	   -116.59	   -116.59	   -116.59
2	-8.27446e+006	    -226.5	  -175.503	  -175.503	  -175.503
3	-8.27455e+006	      -315	   -227.75	   -227.75	   -227.75
4	-8.27447e+006	      -233	  -261.932	  -261.932	  -261.932
5	-8.27444e+006	    -203.5	  -305.672	  -305.672	  -305.672
6	-8.27462e+006	    -384.5	   -379.77	   -379.77	   -379.77
7	-8.27475e+006	      -518	  -470.503	  -470.503	  -470.503
8	-8.27476e+006	    -525.5	  -562.057	  -562.057	  -562.057
9	-8.27487e+006	      -636	    -653.9	    -653.9	    -653.9
10	-8.27503e+006	    -800.5	  -737.233	  -737.233	  -737.233
11	-8.27508e+006	    -848.5	  -794.838	  -794.838	  -794.838
12	-8.27504e+006	    -809.5	  -832.254	  -832.254	  -832.254
13	-8.27503e+006	    -795.5	  -878.699	  -878.699	  -878.699
14	-8.27519e+006	      -960	   -948.99	   -948.99	   -948.99
15	-8.2753e+006	   -1068.5	  -1027.76	  -1027.76	  -1027.76
16	-8.27533e+006	   -1094.5	  -1097.49	  -1097.49	  -1097.49
17	-8.27538e+006	   -1149.5	  -1156.06	  -1156.06	  -1156.06
18	-8.27548e+006	     -1247	  -1205.49	  -1205.49	  -1205.49
19	-8.27548e+006	     -1247	  -1254.27	  -1254.27	  -1254.27
20	-8.27543e+006	     -1194	  -1325.32	  -1325.32	  -1325.32
21	-8.27569e+006	     -1454	  -1425.37	  -1425.37	  -1425.37
22	-8.27585e+006	     -1618	  -1520.67	  -1520.67	  -1520.67
23	-8.27586e+006	   -1625.5	   -1579.7	   -1579.7	   -1579.7
24	-8.27579e+006	   -1562.5	  -1618.38	  -1618.38	  -1618.38
25	-8.27581e+006	   -1576.5	  -1673.83	  -1673.83	  -1673.83
26	-8.27607e+006	     -1841	  -1752.75	  -1752.75	  -1752.75
27	-8.27606e+006	     -1829	  -1840.75	  -1840.75	  -1840.75
28	-8.27606e+006	     -1824	  -1939.17	  -1939.17	  -1939.17
29	-8.27637e+006	     -2134	  -2041.04	  -2041.04	  -2041.04
30	-8.27648e+006	   -2248.5	  -2114.01	  -2114.01	  -2114.01
31	-8.2763e+006	   -2064.5	  -2154.21	  -2154.21	  -2154.21
32	-8.27635e+006	   -2116.5	  -2192.42	  -2192.42	  -2192.42
33	-8.2766e+006	   -2365.5	  -2224.95	  -2224.95	  -2224.95
34	-8.27657e+006	   -2339.5	  -2222.55	  -2222.55	  -2222.55
35	-8.27624e+006	     -2007	  -2212.76	  -2212.76	  -2212.76
36	-8.27635e+006	   -2114.5	  -2257.14	  -2257.14	  -2257.14
37	-8.27673e+006	     -2500	  -2348.28	  -2348.28	  -2348.28
38	-8.27674e+006	   -2505.5	  -2427.25	  -2427.25	  -2427.25
39	-8.27661e+006	   -2378.5	   -2485.6	   -2485.6	   -2485.6
40	-8.27673e+006	     -2497	  -2561.07	  -2561.07	  -2561.07
41	-8.27696e+006	   -2724.5	  -2662.14	  -2662.14	  -2662.14
42	-8.27701e+006	   -2776.5	  -2768.25	  -2768.25	  -2768.25
43	-8.27704e+006	     -2809	  -2872.45	  -2872.45	  -2872.45
44	-8.27726e+006	     -3029	   -2971.4	   -2971.4	   -2971.4
45	-8.27737e+006	     -3135	   -3047.7	   -3047.7	   -3047.7
46	-8.27727e+006	     -3040	  -3094.53	  -3094.53	  -3094.53
47	-8.27738e+006	   -3151.5	  -3119.35	  -3119.35	  -3119.35
48	-8.27747e+006	     -3237	  -3128.66	  -3128.66	  -3128.66
49	-8.2772e+006	     -2964	   -3153.1	   -3153.1	   -3153.1
50	-8.27732e+006	     -3092	  -3233.66	  -3233.66	  -3233.66
51	-8.27775e+006	   -3514.5	  -3339.68	  -3339.68	  -3339.68
52	-8.27786e+006	     -3627	  -3387.82	  -3387.82	  -3387.82
53	-8.27746e+006	   -3228.5	  -3371.35	  -3371.35	  -3371.35
54	-8.27744e+006	     -3209	  -3377.01	  -3377.01	  -3377.01
55	-8.27765e+006	     -3420	  -3462.69	  -3462.69	  -3462.69
56	-8.27787e+006	     -3637	  -3600.72	  -3600.72	  -3600.72
57	-8.27803e+006	   -3799.5	  -3737.97	  -3737.97	  -3737.97
58	-8.27806e+006	     -3830	  -3853.68	  -3853.68	  -3853.68
59	-8.2782e+006	   -3968.5	  -3952.77	  -3952.77	  -3952.77
60	-8.2783e+006	     -4065	   -4032.4	   -4032.4	   -4032.4
61	-8.27839e+006	   -4159.5	  -4078.77	  -4078.77	  -4078.77
62	-8.27834e+006	   -4108.5	  -4097.64	  -4097.64	  -4097.64
63	-8.27821e+006	   -3980.5	  -4128.65	  -4128.65	  -4128.65
64	-8.2784e+006	     -4168	  -4202.86	  -4202.86	  -4202.86
65	-8.27863e+006	   -4395.5	  -4301.85	  -4301.85	  -4301.85
66	-8.27862e+006	     -4390	  -4393.76	  -4393.76	  -4393.76
67	-8.27866e+006	     -4423	  -4477.87	  -4477.87	  -4477.87
68	-8.27883e+006	   -4598.5	  -4560.62	  -4560.62	  -4560.62
69	-8.27892e+006	     -4686	  -4628.83	  -4628.83	  -4628.83
70	-8.27891e+006	     -4682	  -4673.99	  -4673.99	  -4673.99
71	-8.27891e+006	   -4675.5	   -4713.2	   -4713.2	   -4713.2
72	-8.27894e+006	     -4710	  -4767.39	  -4767.39	  -4767.39
73	-8.27913e+006	     -4894	  -4832.06	  -4832.06	  -4832.06
74	-8.27916e+006	     -4929	  -4890.19	  -4890.19	  -4890.19
75	-8.27909e+006	   -4860.5	  -4948.71	  -4948.71	  -4948.71
76	-8.27922e+006	     -4985	  -5026.15	  -5026.15	  -5026.15
77	-8.27944e+006	   -5208.5	  -5113.52	  -5113.52	  -5113.52
78	-8.27942e+006	     -5188	  -5192.28	  -5192.28	  -5192.28
79	-8.27942e+006	     -5190	  -5271.15	  -5271.15	  -5271.15
80	-8.27961e+006	     -5381	  -5361.23	  -5361.23	  -5361.23
81	-8.27974e+006	     -5510	  -5442.64	  -5442.64	  -5442.64
82	-8.27979e+006	     -5553	  -5488.91	  -5488.91	  -5488.91
83	-8.27971e+006	     -5475	  -5501.27	  -5501.27	  -5501.27
84	-8.27974e+006	   -5503.5	  -5500.63	  -5500.63	  -5500.63
85	-8.27976e+006	     -5526	  -5509.79	  -5509.79	  -5509.79
86	-8.27961e+006	     -5381	  -5554.44	  -5554.44	  -5554.44
87	-8.27989e+006	   -5660.5	  -5640.86	  -5640.86	  -5640.86
88	-8.28009e+006	   -5855.5	  -5731.81	  -5731.81	  -5731.81
89	-8.28001e+006	   -5777.5	  -5789.59	  -5789.59	  -5789.59
90	-8.28009e+006	   -5855.5	  -5821.97	  -5821.97	  -5821.97
91	-8.27999e+006	   -5753.5	  -5866.03	  -5866.03	  -5866.03
92	-8.28014e+006	   -5904.5	  -5946.86	  -5946.86	  -5946.86
93	-8.28034e+006	     -6106	  -6051.48	  -6051.48	  -6051.48
94	-8.28042e+006	     -6187	  -6150.12	  -6150.12	  -6150.12
95	-8.28043e+006	     -6200	   -6235.4	   -6235.4	   -6235.4
96	-8.28054e+006	     -6312	  -6316.36	  -6316.36	  -6316.36
97	-8.28068e+006	     -6446	  -6390.19	  -6390.19	  -6390.19
98	-8.28068e+006	   -6452.5	  -6446.96	  -6446.96	  -6446.96
99	-8.28072e+006	     -6483	  -6485.87	  -6485.87	  -6485.87
100	-8.28079e+006	     -6558	  -6512.03	  -6512.03	  -6512.03
101	-8.28074e+006	     -6508	  -6540.54	  -6540.54	  -6540.54
102	-8.28071e+006	   -6476.5	  -6603.36	  -6603.36	  -6603.36
103	-8.28091e+006	     -6674	  -6717.58	  -6717.58	  -6717.58
104	-8.28117e+006	   -6941.5	  -6853.01	  -6853.01	  -6853.01
105	-8.28127e+006	     -7040	  -6964.76	  -6964.76	  -6964.76
106	-8.28122e+006	     -6988	  -7043.74	  -7043.74	  -7043.74
107	-8.28136e+006	     -7128	  -7102.08	  -7102.08	  -7102.08
108	-8.28148e+006	     -7248	  -7138.98	  -7138.98	  -7138.98
109	-8.28132e+006	   -7086.5	  -7166.27	  -7166.27	  -7166.27
110	-8.28132e+006	     -7091	  -7225.89	  -7225.89	  -7225.89
111	-8.28156e+006	     -7325	  -7333.77	  -7333.77	  -7333.77
112	-8.28182e+006	     -7583	  -7446.44	  -7446.44	  -7446.44
113	-8.2818e+006	     -7571	  -7520.69	  -7520.69	  -7520.69
114	-8.28171e+006	     -7480	  -7571.86	  -7571.86	  -7571.86
115	-8.28182e+006	     -7583	  -7638.34	  -7638.34	  -7638.34
116	-8.28204e+006	     -7803	     -7720	     -7720	     -7720
117	-8.28205e+006	     -7816	  -7794.05	  -7794.05	  -7794.05
118	-8.28203e+006	   -7793.5	  -7863.24	  -7863.24	  -7863.24
119	-8.28215e+006	   -7921.5	  -7941.45	  -7941.45	  -7941.45
120	-8.28235e+006	   -8117.5	  -8016.24	  -8016.24	  -8016.24
121	-8.28232e+006	     -8086	  -8072.81	  -8072.81	  -8072.81
122	-8.28224e+006	     -8011	  -8131.54	  -8131.54	  -8131.54
123	-8.28244e+006	   -8208.5	  -8214.65	  -8214.65	  -8214.65
124	-8.28263e+006	     -8396	  -8302.09	  -8302.09	  -8302.09
125	-8.28263e+006	     -8398	  -8363.58	  -8363.58	  -8363.58
126	-8.2826e+006	   -8365.5	  -8407.72	  -8407.72	  -8407.72
127	-8.28262e+006	   -8388.5	  -8465.53	  -8465.53	  -8465.53
128	-8.28282e+006	   -8583.5	  -8541.52	  -8541.52	  -8541.52
129	-8.28291e+006	     -8679	  -8611.31	  -8611.31	  -8611.31
130	-8.28287e+006	   -8635.5	  -8666.21	  -8666.21	  -8666.21
131	-8.2829e+006	     -8667	   -8727.2	   -8727.2	   -8727.2
132	-8.28303e+006	     -8799	   -8807.2	   -8807.2	   -8807.2
133	-8.28319e+006	   -8960.5	  -8890.36	  -8890.36	  -8890.36
134	-8.28319e+006	   -8959.5	  -8961.96	  -8961.96	  -8961.96
135	-8.2832e+006	     -8964	  -9030.96	  -9030.96	  -9030.96
136	-8.28338e+006	     -9148	  -9105.39	  -9105.39	  -9105.39
137	-8.28344e+006	     -9210	  -9175.89	  -9175.89	  -9175.89
138	-8.28343e+006	     -9197	  -9237.69	  -9237.69	  -9237.69
139	-8.28355e+006	   -9318.5	  -9297.15	  -9297.15	  -9297.15
140	-8.2836e+006	     -9366	   -9359.9	   -9359.9	   -9359.9
141	-8.28359e+006	   -9361.5	  -9430.54	  -9430.54	  -9430.54
142	-8.28379e+006	   -9553.5	  -9501.82	  -9501.82	  -9501.82
143	-8.28388e+006	   -9646.5	  -9549.11	  -9549.11	  -9549.11
144	-8.28379e+006	   -9556.5	  -9568.96	  -9568.96	  -9568.96
145	-8.28372e+006	     -9483	  -9604.21	  -9604.21	  -9604.21
146	-8.28381e+006	   -9579.5	  -9697.49	  -9697.49	  -9697.49
147	-8.28415e+006	     -9922	  -9832.64	  -9832.64	  -9832.64
148	-8.28428e+006	    -10050	  -9956.09	  -9956.09	  -9956.09
149	-8.28424e+006	  -10008.5	  -10048.3	  -10048.3	  -10048.3
150	-8.28431e+006	  -10082.5	  -10130.7	  -10130.7	  -10130.7
151	-8.28452e+006	    -10283	  -10212.1	  -10212.1	  -10212.1
152	-8.28455e+006	  -10318.5	  -10283.9	  -10283.9	  -10283.9
153	-8.28447e+006	  -10237.5	  -10353.3	  -10353.3	  -10353.3
154	-8.28472e+006	  -10484.5	  -10424.8	  -10424.8	  -10424.8
155	-8.28483e+006	  -10599.5	  -10475.9	  -10475.9	  -10475.9
156	-8.28468e+006	  -10443.5	  -10502.6	  -10502.6	  -10502.6
157	-8.28465e+006	  -10421.5	  -10543.5	  -10543.5	  -10543.5
158	-8.28487e+006	  -10639.5	  -10620.8	  -10620.8	  -10620.8
159	-8.28502e+006	  -10784.5	  -10712.6	  -10712.6	  -10712.6
160	-8.28498e+006	  -10743.5	    -10800	    -10800	    -10800
161	-8.28509e+006	  -10858.5	    -10883	    -10883	    -10883
162	-8.28533e+006	  -11094.5	  -10950.6	  -10950.6	  -10950.6
163	-8.2852e+006	    -10972	  -10997.6	  -10997.6	  -10997.6
164	-8.28511e+006	    -10879	  -11051.5	  -11051.5	  -11051.5
165	-8.28548e+006	  -11245.5	  -11115.9	  -11115.9	  -11115.9
166	-8.28555e+006	  -11314.5	  -11149.7	  -11149.7	  -11149.7
167	-8.28526e+006	    -11023	  -11153.4	  -11153.4	  -11153.4
168	-8.28527e+006	    -11033	  -11192.4	  -11192.4	  -11192.4
169	-8.28552e+006	  -11288.5	  -11302.3	  -11302.3	  -11302.3
170	-8.28575e+006	    -11513	  -11445.4	  -11445.4	  -11445.4
171	-8.28584e+006	  -11611.5	  -11568.3	  -11568.3	  -11568.3
172	-8.28591e+006	  -11677.5	    -11645	    -11645	    -11645
173	-8.28601e+006	  -11780.5	    -11670	    -11670	    -11670
174	-8.28586e+006	    -11632	  -11659.8	  -11659.8	  -11659.8
175	-8.28579e+006	  -11559.5	  -11658.4	  -11658.4	  -11658.4
176	-8.28588e+006	  -11650.5	  -11706.7	  -11706.7	  -11706.7
177	-8.28599e+006	    -11761	  -11809.9	  -11809.9	  -11809.9
178	-8.2862e+006	  -11970.5	    -11943	    -11943	    -11943
179	-8.28633e+006	    -12098	    -12073	    -12073	    -12073
180	-8.28646e+006	  -12228.5	  -12177.2	  -12177.2	  -12177.2
181	-8.28651e+006	  -12282.5	    -12253	    -12253	    -12253
182	-8.28649e+006	    -12261	  -12318.4	  -12318.4	  -12318.4
183	-8.28661e+006	    -12382	    -12391	    -12391	    -12391
184	-8.28674e+006	    -12508	  -12466.3	  -12466.3	  -12466.3
185	-8.28678e+006	  -12552.5	  -12531.2	  -12531.2	  -12531.2
186	-8.2868e+006	  -12564.5	  -12589.6	  -12589.6	  -12589.6
187	-8.28683e+006	    -12598	  -12652.9	  -12652.9	  -12652.9
188	-8.28704e+006	  -12812.5	  -12710.3	  -12710.3	  -12710.3
189	-8.28703e+006	  -12802.5	  -12742.1	  -12742.1	  -12742.1
190	-8.28689e+006	    -12653	  -12764.4	  -12764.4	  -12764.4
191	-8.28699e+006	    -12757	  -12816.8	  -12816.8	  -12816.8
192	-8.28714e+006	    -12910	  -12903.7	  -12903.7	  -12903.7
193	-8.28729e+006	  -13058.5	  -12986.6	  -12986.6	  -12986.6
194	-8.28735e+006	    -13119	    -13029	    -13029	    -13029
195	-8.28727e+006	  -13033.5	  -13044.7	  -13044.7	  -13044.7
196	-8.28709e+006	  -12853.5	  -13096.4	  -13096.4	  -13096.4
197	-8.28742e+006	  -13190.5	  -13215.9	  -13215.9	  -13215.9
198	-8.2878e+006	    -13571	  -13348.1	  -13348.1	  -13348.1
199	-8.28768e+006	    -13451	  -13427.7	  -13427.7	  -13427.7
200	-8.28763e+006	    -13401	  -13461.8	  -13461.8	  -13461.8
201	-8.28774e+006	    -13507	  -13491.9	  -13491.9	  -13491.9
202	-8.28775e+006	    -13520	  -13538.4	  -13538.4	  -13538.4
203	-8.28777e+006	    -13533	  -13607.1	  -13607.1	  -13607.1
204	-8.28796e+006	  -13732.5	  -13691.3	  -13691.3	  -13691.3
205	-8.28806e+006	    -13828	  -13773.7	  -13773.7	  -13773.7
206	-8.28801e+006	    -13777	    -13855	    -13855	    -13855
207	-8.28815e+006	  -13914.5	  -13950.9	  -13950.9	  -13950.9
208	-8.28834e+006	  -14106.5	  -14049.9	  -14049.9	  -14049.9
209	-8.28847e+006	    -14241	  -14114.9	  -14114.9	  -14114.9
210	-8.28836e+006	    -14128	  -14138.4	  -14138.4	  -14138.4
211	-8.28827e+006	    -14037	  -14161.3	  -14161.3	  -14161.3
212	-8.28843e+006	    -14202	  -14216.7	  -14216.7	  -14216.7
213	-8.2886e+006	    -14370	  -14290.7	  -14290.7	  -14290.7
214	-8.28858e+006	    -14343	    -14364	    -14364	    -14364
215	-8.28858e+006	    -14348	  -14450.2	  -14450.2	  -14450.2
216	-8.28882e+006	  -14583.5	  -14561.7	  -14561.7	  -14561.7
217	-8.28894e+006	  -14712.5	  -14674.8	  -14674.8	  -14674.8
218	-8.28908e+006	    -14851	  -14754.8	  -14754.8	  -14754.8
219	-8.28903e+006	    -14801	  -14798.3	  -14798.3	  -14798.3
220	-8.28897e+006	    -14735	  -14834.9	  -14834.9	  -14834.9
221	-8.28915e+006	  -14920.5	  -14881.7	  -14881.7	  -14881.7
222	-8.28924e+006	    -15007	  -14923.2	  -14923.2	  -14923.2
223	-8.28913e+006	    -14899	  -14955.1	  -14955.1	  -14955.1
224	-8.28915e+006	    -14916	  -15005.7	  -15005.7	  -15005.7
225	-8.28931e+006	    -15081	  -15090.5	  -15090.5	  -15090.5
226	-8.28949e+006	    -15262	  -15188.2	  -15188.2	  -15188.2
227	-8.2895e+006	    -15264	  -15279.1	  -15279.1	  -15279.1
228	-8.28953e+006	    -15301	  -15370.1	  -15370.1	  -15370.1
229	-8.28976e+006	  -15527.5	  -15464.9	  -15464.9	  -15464.9
230	-8.28981e+006	  -15580.5	  -15547.8	  -15547.8	  -15547.8
231	-8.28984e+006	  -15605.5	  -15607.9	  -15607.9	  -15607.9
232	-8.28991e+006	    -15678	  -15648.2	  -15648.2	  -15648.2
233	-8.28991e+006	  -15681.5	  -15673.5	  -15673.5	  -15673.5
234	-8.28994e+006	    -15703	  -15693.6	  -15693.6	  -15693.6
235	-8.28988e+006	  -15646.5	  -15729.6	  -15729.6	  -15729.6
236	-8.28998e+006	  -15749.5	  -15795.6	  -15795.6	  -15795.6
237	-8.29019e+006	  -15955.5	  -15872.7	  -15872.7	  -15872.7
238	-8.29022e+006	    -15987	  -15931.6	  -15931.6	  -15931.6
239	-8.29014e+006	    -15911	  -15979.5	  -15979.5	  -15979.5
240	-8.29018e+006	  -15944.5	  -16047.9	  -16047.9	  -16047.9
241	-8.29047e+006	  -16237.5	  -16136.2	  -16136.2	  -16136.2
242	-8.2905e+006	    -16270	  -16218.8	  -16218.8	  -16218.8
243	-8.29038e+006	  -16152.5	    -16299	    -16299	    -16299
244	-8.29066e+006	  -16431.5	    -16389	    -16389	    -16389
245	-8.29084e+006	    -16611	  -16467.9	  -16467.9	  -16467.9
246	-8.29066e+006	    -16427	  -16521.1	  -16521.1	  -16521.1
247	-8.29079e+006	    -16556	  -16564.7	  -16564.7	  -16564.7
248	-8.29094e+006	  -16703.5	  -16607.1	  -16607.1	  -16607.1
249	-8.29078e+006	  -16551.5	    -16650	    -16650	    -16650
250	-8.29092e+006	    -16684	    -16706	    -16706	    -16706
251	-8.29107e+006	  -16834.5	  -16775.1	  -16775.1	  -16775.1
252	-8.29104e+006	    -16804	  -16847.4	  -16847.4	  -16847.4
253	-8.29114e+006	    -16907	  -16920.8	  -16920.8	  -16920.8
254	-8.29129e+006	  -17055.5	    -16989	    -16989	    -16989
255	-8.29128e+006	    -17046	  -17045.7	  -17045.7	  -17045.7
256	-8.29127e+006	    -17038	  -17102.8	  -17102.8	  -17102.8
257	-8.2914e+006	  -17172.5	  -17171.1	  -17171.1	  -17171.1
258	-8.29154e+006	    -17306	    -17236	    -17236	    -17236
259	-8.29153e+006	  -17301.5	  -17283.6	  -17283.6	  -17283.6
260	-8.29149e+006	    -17254	    -17331	    -17331	    -17331
261	-8.29159e+006	    -17357	  -17406.4	  -17406.4	  -17406.4
262	-8.29175e+006	    -17515	  -17509.3	  -17509.3	  -17509.3
263	-8.2919e+006	    -17671	  -17610.5	  -17610.5	  -17610.5
264	-8.29196e+006	  -17728.5	  -17686.1	  -17686.1	  -17686.1
265	-8.29194e+006	    -17709	  -17740.5	  -17740.5	  -17740.5
266	-8.29201e+006	  -17779.5	    -17793	    -17793	    -17793
267	-8.2921e+006	    -17864	  -17852.4	  -17852.4	  -17852.4
268	-8.29214e+006	  -17906.5	  -17918.2	  -17918.2	  -17918.2
269	-8.2922e+006	  -17972.5	  -17994.2	  -17994.2	  -17994.2
270	-8.29228e+006	  -18048.5	  -18082.1	  -18082.1	  -18082.1
271	-8.29247e+006	    -18240	  -18169.7	  -18169.7	  -18169.7
272	-8.2925e+006	    -18264	  -18245.8	  -18245.8	  -18245.8
273	-8.29246e+006	    -18228	  -18320.6	  -18320.6	  -18320.6
274	-8.29267e+006	  -18438.5	  -18404.7	  -18404.7	  -18404.7
275	-8.29278e+006	  -18544.5	  -18482.9	  -18482.9	  -18482.9
276	-8.29277e+006	    -18537	  -18539.4	  -18539.4	  -18539.4
277	-8.29282e+006	  -18583.5	  -18581.3	  -18581.3	  -18581.3
278	-8.29282e+006	  -18592.5	    -18623	    -18623	    -18623
279	-8.29293e+006	    -18702	  -18671.6	  -18671.6	  -18671.6
280	-8.29292e+006	  -18685.5	  -18734.8	  -18734.8	  -18734.8
281	-8.29298e+006	  -18751.5	    -18826	    -18826	    -18826
282	-8.29321e+006	    -18976	  -18945.9	  -18945.9	  -18945.9
283	-8.2933e+006	    -19064	  -19073.2	  -19073.2	  -19073.2
284	-8.29349e+006	  -19253.5	  -19179.5	  -19179.5	  -19179.5
285	-8.29354e+006	    -19312	  -19247.8	  -19247.8	  -19247.8
286	-8.29349e+006	  -19253.5	  -19289.3	  -19289.3	  -19289.3
287	-8.29352e+006	    -19285	  -19336.5	  -19336.5	  -19336.5
288	-8.29361e+006	  -19381.5	  -19408.9	  -19408.9	  -19408.9
289	-8.29376e+006	  -19524.5	  -19496.1	  -19496.1	  -19496.1
290	-8.29385e+006	  -19616.5	  -19577.2	  -19577.2	  -19577.2
291	-8.29385e+006	    -19620	  -19647.2	  -19647.2	  -19647.2
292	-8.29394e+006	  -19705.5	  -19713.7	  -19713.7	  -19713.7
293	-8.29405e+006	    -19819	  -19777.9	  -19777.9	  -19777.9
294	-8.29405e+006	    -19819	  -19837.6	  -19837.6	  -19837.6
295	-8.29411e+006	    -19881	  -19897.3	  -19897.3	  -19897.3
296	-8.29421e+006	    -19973	  -19958.7	  -19958.7	  -19958.7
297	-8.29427e+006	    -20037	  -20013.9	  -20013.9	  -20013.9
298	-8.2943e+006	    -20064	    -20056	    -20056	    -20056
299	-8.29434e+006	  -20108.5	  -20090.6	  -20090.6	  -20090.6
300	-8.29429e+006	    -20061	  -20136.9	  -20136.9	  -20136.9
301	-8.2944e+006	    -20168	  -20210.4	  -20210.4	  -20210.4
302	-8.29458e+006	    -20347	  -20297.9	  -20297.9	  -20297.9
303	-8.29467e+006	  -20433.5	    -20365	    -20365	    -20365
304	-8.29467e+006	  -20441.5	  -20398.9	  -20398.9	  -20398.9
305	-8.29456e+006	    -20323	    -20430	    -20430	    -20430
306	-8.29464e+006	    -20412	  -20496.2	  -20496.2	  -20496.2
307	-8.2949e+006	  -20665.5	  -20591.2	  -20591.2	  -20591.2
308	-8.29497e+006	    -20737	  -20677.1	  -20677.1	  -20677.1
309	-8.29495e+006	  -20714.5	  -20741.3	  -20741.3	  -20741.3
310	-8.295e+006	  -20764.5	  -20804.3	  -20804.3	  -20804.3
311	-8.29511e+006	    -20876	  -20880.5	  -20880.5	  -20880.5
312	-8.29523e+006	  -21001.5	  -20963.8	  -20963.8	  -20963.8
313	-8.29525e+006	    -21022	  -21052.1	  -21052.1	  -21052.1
314	-8.2953e+006	    -21070	  -21154.1	  -21154.1	  -21154.1
315	-8.29559e+006	    -21353	  -21256.2	  -21256.2	  -21256.2
316	-8.29568e+006	    -21449	  -21322.8	  -21322.8	  -21322.8
317	-8.29552e+006	    -21288	  -21356.8	  -21356.8	  -21356.8
318	-8.2955e+006	  -21272.5	    -21410	    -21410	    -21410
319	-8.29573e+006	  -21501.5	  -21507.5	  -21507.5	  -21507.5
320	-8.29597e+006	    -21741	  -21608.2	  -21608.2	  -21608.2
321	-8.29596e+006	    -21731	  -21666.9	  -21666.9	  -21666.9
322	-8.29585e+006	  -21621.5	  -21698.8	  -21698.8	  -21698.8
323	-8.29589e+006	  -21657.5	  -21754.7	  -21754.7	  -21754.7
324	-8.29608e+006	  -21852.5	    -21853	    -21853	    -21853
325	-8.29625e+006	    -22017	  -21965.5	  -21965.5	  -21965.5
326	-8.29633e+006	  -22097.5	  -22058.7	  -22058.7	  -22058.7
327	-8.29637e+006	    -22133	  -22127.2	  -22127.2	  -22127.2
328	-8.29639e+006	  -22161.5	  -22186.6	  -22186.6	  -22186.6
329	-8.29647e+006	    -22233	  -22245.5	  -22245.5	  -22245.5
330	-8.29661e+006	    -22378	  -22289.4	  -22289.4	  -22289.4
331	-8.29659e+006	    -22353	  -22304.1	  -22304.1	  -22304.1
332	-8.29644e+006	    -22207	  -22308.4	  -22308.4	  -22308.4
333	-8.29653e+006	    -22298	  -22333.4	  -22333.4	  -22333.4
334	-8.29667e+006	  -22436.5	  -22380.8	  -22380.8	  -22380.8
335	-8.29663e+006	  -22397.5	  -22438.5	  -22438.5	  -22438.5
336	-8.29671e+006	    -22478	  -22512.1	  -22512.1	  -22512.1
337	-8.2968e+006	  -22566.5	  -22611.3	  -22611.3	  -22611.3
338	-8.29698e+006	  -22748.5	  -22722.4	  -22722.4	  -22722.4
339	-8.29716e+006	  -22929.5	  -22819.9	  -22819.9	  -22819.9
340	-8.29705e+006	  -22820.5	  -22909.9	  -22909.9	  -22909.9
341	-8.29711e+006	  -22877.5	  -23028.1	  -23028.1	  -23028.1
342	-8.29752e+006	  -23291.5	  -23167.2	  -23167.2	  -23167.2
343	-8.29768e+006	  -23445.5	  -23269.9	  -23269.9	  -23269.9
344	-8.29749e+006	  -23262.5	  -23324.9	  -23324.9	  -23324.9
345	-8.29742e+006	    -23190	  -23390.3	  -23390.3	  -23390.3
346	-8.29781e+006	    -23578	  -23490.2	  -23490.2	  -23490.2
347	-8.29799e+006	  -23755.5	  -23576.9	  -23576.9	  -23576.9
348	-8.29777e+006	    -23541	  -23629.2	  -23629.2	  -23629.2
349	-8.29778e+006	  -23550.5	  -23690.7	  -23690.7	  -23690.7
350	-8.29808e+006	    -23849	  -23781.7	  -23781.7	  -23781.7
351	-8.29822e+006	    -23983	  -23863.4	  -23863.4	  -23863.4
352	-8.29811e+006	    -23877	  -23908.9	  -23908.9	  -23908.9
353	-8.29813e+006	  -23896.5	  -23931.9	  -23931.9	  -23931.9
354	-8.29828e+006	  -24052.5	  -23943.9	  -23943.9	  -23943.9
355	-8.29813e+006	  -23898.5	  -23956.3	  -23956.3	  -23956.3
356	-8.29807e+006	    -23837	  -24006.2	  -24006.2	  -24006.2
357	-8.29835e+006	  -24119.5	  -24115.3	  -24115.3	  -24115.3
358	-8.29853e+006	  -24300.5	  -24250.8	  -24250.8	  -24250.8
359	-8.29865e+006	  -24415.5	  -24359.8	  -24359.8	  -24359.8
360	-8.29876e+006	  -24531.5	  -24419.4	  -24419.4	  -24419.4
361	-8.29858e+006	  -24352.5	  -24454.5	  -24454.5	  -24454.5
362	-8.29865e+006	    -24419	  -24513.2	  -24513.2	  -24513.2
363	-8.29887e+006	    -24641	  -24607.8	  -24607.8	  -24607.8
364	-8.29898e+006	  -24748.5	  -24702.4	  -24702.4	  -24702.4
365	-8.2991e+006	  -24864.5	  -24761.9	  -24761.9	  -24761.9
366	-8.29895e+006	    -24721	  -24791.3	  -24791.3	  -24791.3
367	-8.29902e+006	  -24791.5	  -24816.3	  -24816.3	  -24816.3
368	-8.29913e+006	    -24902	  -24835.2	  -24835.2	  -24835.2
369	-8.29914e+006	  -24905.5	  -24821.4	  -24821.4	  -24821.4
370	-8.29903e+006	  -24801.5	  -24782.8	  -24782.8	  -24782.8
371	-8.29875e+006	  -24517.5	  -24788.8	  -24788.8	  -24788.8
372	-8.29898e+006	    -24743	    -24895	    -24895	    -24895
373	-8.29953e+006	  -25295.5	    -25057	    -25057	    -25057
374	-8.29947e+006	    -25233	  -25189.8	  -25189.8	  -25189.8
375	-8.29945e+006	  -25214.5	  -25281.3	  -25281.3	  -25281.3
376	-8.29958e+006	  -25344.5	  -25370.4	  -25370.4	  -25370.4
377	-8.29973e+006	  -25499.5	  -25466.5	  -25466.5	  -25466.5
378	-8.29984e+006	    -25611	    -25548	    -25548	    -25548
379	-8.29984e+006	  -25603.5	  -25605.7	  -25605.7	  -25605.7
380	-8.29985e+006	    -25622	  -25658.1	  -25658.1	  -25658.1
381	-8.29992e+006	    -25690	  -25726.6	  -25726.6	  -25726.6
382	-8.30004e+006	  -25812.5	  -25809.6	  -25809.6	  -25809.6
383	-8.30019e+006	    -25961	  -25884.1	  -25884.1	  -25884.1
384	-8.30018e+006	    -25948	  -25937.6	  -25937.6	  -25937.6
385	-8.30015e+006	    -25921	  -25989.2	  -25989.2	  -25989.2
386	-8.30025e+006	    -26014	  -26064.1	  -26064.1	  -26064.1
387	-8.30043e+006	    -26195	  -26154.1	  -26154.1	  -26154.1
388	-8.30055e+006	    -26321	  -26224.8	  -26224.8	  -26224.8
389	-8.30049e+006	  -26261.5	  -26263.9	  -26263.9	  -26263.9
390	-8.30045e+006	    -26221	  -26302.1	  -26302.1	  -26302.1
391	-8.30054e+006	    -26309	  -26373.5	  -26373.5	  -26373.5
392	-8.30074e+006	  -26511.5	  -26474.5	  -26474.5	  -26474.5
393	-8.30085e+006	    -26617	  -26574.5	  -26574.5	  -26574.5
394	-8.30088e+006	  -26651.5	  -26655.2	  -26655.2	  -26655.2
395	-8.30099e+006	  -26754.5	  -26723.5	  -26723.5	  -26723.5
396	-8.30095e+006	  -26717.5	  -26803.2	  -26803.2	  -26803.2
397	-8.30111e+006	  -26873.5	  -26926.9	  -26926.9	  -26926.9
398	-8.30128e+006	  -27052.5	  -27141.1	  -27141.1	  -27141.1
399	-8.30137e+006	    -27137	  -27527.1	  -27527.1	  -27527.1
400	-8.3021e+006	  -27869.5	  -28183.3	  -28183.3	  -28183.3
401	-8.30302e+006	    -28790	  -29175.7	  -29175.7	  -29175.7
402	-8.30437e+006	    -30139	  -30533.8	  -30533.8	  -30533.8
403	-8.30622e+006	  -31990.5	  -32303.7	  -32303.7	  -32303.7
404	-8.30794e+006	    -33705	  -34617.6	  -34617.6	  -34617.6
405	-8.3108e+006	  -36569.5	    -37652	    -37652	    -37652
406	-8.31538e+006	  -41151.5	  -41480.1	  -41480.1	  -41480.1
407	-8.31923e+006	  -45002.5	  -46033.6	  -46033.6	  -46033.6
408	-8.32473e+006	  -50501.5	  -50982.4	  -50982.4	  -50982.4
409	-8.33275e+006	  -58518.5	  -55482.9	  -55482.9	  -55482.9
410	-8.33478e+006	    -60543	  -58600.3	  -58600.3	  -58600.3
411	-8.3351e+006	  -60870.5	  -60166.4	  -60166.4	  -60166.4
412	-8.3351e+006	  -60872.5	  -60747.5	  -60747.5	  -60747.5
413	-8.33517e+006	  -60936.5	  -60943.9	  -60943.9	  -60943.9
414	-8.33527e+006	    -61033	  -61046.9	  -61046.9	  -61046.9
415	-8.33544e+006	  -61210.5	  -61122.2	  -61122.2	  -61122.2
416	-8.33543e+006	    -61201	  -61167.5	  -61167.5	  -61167.5
417	-8.33539e+006	    -61153	  -61199.3	  -61199.3	  -61199.3
418	-8.3354e+006	  -61167.5	  -61254.5	  -61254.5	  -61254.5
419	-8.33556e+006	    -61330	  -61348.4	  -61348.4	  -61348.4
420	-8.33574e+006	    -61503	  -61455.1	  -61455.1	  -61455.1
421	-8.33584e+006	  -61611.5	  -61534.4	  -61534.4	  -61534.4
422	-8.33586e+006	  -61625.5	  -61573.2	  -61573.2	  -61573.2
423	-8.33574e+006	    -61503	    -61603	    -61603	    -61603
424	-8.3358e+006	    -61564	  -61663.7	  -61663.7	  -61663.7
425	-8.33608e+006	    -61849	  -61747.1	  -61747.1	  -61747.1
426	-8.33615e+006	    -61915	  -61816.1	  -61816.1	  -61816.1
427	-8.33595e+006	  -61714.5	  -61874.2	  -61874.2	  -61874.2
428	-8.33616e+006	  -61932.5	  -61953.5	  -61953.5	  -61953.5
429	-8.33639e+006	  -62155.5	  -62052.6	  -62052.6	  -62052.6
430	-8.3363e+006	    -62071	  -62158.3	  -62158.3	  -62158.3
431	-8.33646e+006	  -62228.5	  -62277.3	  -62277.3	  -62277.3
432	-8.3367e+006	    -62469	  -62397.4	  -62397.4	  -62397.4
433	-8.33685e+006	  -62619.5	  -62476.9	  -62476.9	  -62476.9
434	-8.33673e+006	    -62498	  -62502.4	  -62502.4	  -62502.4
435	-8.33666e+006	  -62425.5	    -62514	    -62514	    -62514
436	-8.33675e+006	    -62519	  -62558.4	  -62558.4	  -62558.4
437	-8.33684e+006	  -62607.5	  -62646.1	  -62646.1	  -62646.1
438	-8.33699e+006	  -62758.5	  -62754.2	  -62754.2	  -62754.2
439	-8.33718e+006	    -62951	  -62845.8	  -62845.8	  -62845.8
440	-8.33717e+006	  -62941.5	  -62902.9	  -62902.9	  -62902.9
441	-8.33707e+006	  -62838.5	    -62950	    -62950	    -62950
442	-8.33721e+006	    -62977	  -63013.8	  -63013.8	  -63013.8
443	-8.33746e+006	  -63226.5	  -63071.4	  -63071.4	  -63071.4
444	-8.3374e+006	    -63168	  -63094.2	  -63094.2	  -63094.2
445	-8.33712e+006	  -62892.5	    -63121	    -63121	    -63121
446	-8.33732e+006	    -63090	  -63206.1	  -63206.1	  -63206.1
447	-8.33778e+006	    -63543	  -63316.5	  -63316.5	  -63316.5
448	-8.33773e+006	    -63502	  -63382.3	  -63382.3	  -63382.3
449	-8.33746e+006	  -63228.5	  -63423.6	  -63423.6	  -63423.6
450	-8.33756e+006	    -63326	  -63516.2	  -63516.2	  -63516.2
451	-8.33808e+006	    -63852	  -63656.3	  -63656.3	  -63656.3
452	-8.33809e+006	  -63857.5	  -63767.7	  -63767.7	  -63767.7
453	-8.33805e+006	  -63821.5	  -63816.9	  -63816.9	  -63816.9
454	-8.33806e+006	    -63828	  -63837.3	  -63837.3	  -63837.3
455	-8.33802e+006	  -63783.5	  -63871.7	  -63871.7	  -63871.7
456	-8.33817e+006	  -63940.5	  -63933.2	  -63933.2	  -63933.2
457	-8.33828e+006	    -64050	  -64005.3	  -64005.3	  -64005.3
458	-8.33829e+006	  -64054.5	  -64073.7	  -64073.7	  -64073.7
459	-8.33836e+006	    -64125	  -64144.6	  -64144.6	  -64144.6
460	-8.33843e+006	  -64194.5	  -64223.9	  -64223.9	  -64223.9
461	-8.33861e+006	    -64373	    -64296	    -64296	    -64296
462	-8.33863e+006	    -64400	  -64340.7	  -64340.7	  -64340.7
463	-8.33855e+006	    -64320	  -64371.5	  -64371.5	  -64371.5
464	-8.33854e+006	    -64308	  -64434.1	  -64434.1	  -64434.1
465	-8.33872e+006	  -64492.5	  -64547.8	  -64547.8	  -64547.8
466	-8.33906e+006	  -64828.5	    -64668	    -64668	    -64668
467	-8.33908e+006	    -64850	  -64737.6	  -64737.6	  -64737.6
468	-8.33888e+006	  -64647.5	  -64759.1	  -64759.1	  -64759.1
469	-8.33904e+006	  -64803.5	  -64774.2	  -64774.2	  -64774.2
470	-8.33902e+006	  -64790.5	  -64807.9	  -64807.9	  -64807.9
471	-8.339e+006	    -64771	  -64867.9	  -64867.9	  -64867.9
472	-8.33924e+006	    -65007	  -64947.6	  -64947.6	  -64947.6
473	-8.33928e+006	    -65045	  -65021.4	  -65021.4	  -65021.4
474	-8.33936e+006	    -65124	  -65070.9	  -65070.9	  -65070.9
475	-8.33931e+006	  -65073.5	  -65108.8	  -65108.8	  -65108.8
476	-8.33929e+006	  -65062.5	  -65166.4	  -65166.4	  -65166.4
477	-8.33952e+006	  -65284.5	  -65254.2	  -65254.2	  -65254.2
478	-8.33961e+006	    -65381	  -65348.1	  -65348.1	  -65348.1
479	-8.33969e+006	    -65459	  -65419.3	  -65419.3	  -65419.3
480	-8.33972e+006	    -65484	  -65454.1	  -65454.1	  -65454.1
481	-8.33975e+006	    -65520	  -65452.5	  -65452.5	  -65452.5
482	-8.33965e+006	  -65413.5	  -65439.3	  -65439.3	  -65439.3
483	-8.3395e+006	  -65267.5	  -65466.8	  -65466.8	  -65466.8
484	-8.33977e+006	  -65539.5	  -65567.6	  -65567.6	  -65567.6
485	-8.33998e+006	  -65747.5	    -65710	    -65710	    -65710
486	-8.34017e+006	  -65941.5	  -65829.4	  -65829.4	  -65829.4
487	-8.34019e+006	  -65955.5	    -65887	    -65887	    -65887
488	-8.34013e+006	    -65895	  -65891.3	  -65891.3	  -65891.3
489	-8.3401e+006	    -65871	  -65883.7	  -65883.7	  -65883.7
490	-8.33999e+006	  -65759.5	  -65910.9	  -65910.9	  -65910.9
491	-8.34022e+006	    -65985	  -65992.8	  -65992.8	  -65992.8
492	-8.34038e+006	    -66143	  -66110.2	  -66110.2	  -66110.2
493	-8.34043e+006	    -66194	  -66234.6	  -66234.6	  -66234.6
494	-8.34065e+006	    -66413	  -66347.3	  -66347.3	  -66347.3
495	-8.34072e+006	  -66483.5	  -66437.9	  -66437.9	  -66437.9
496	-8.34069e+006	    -66454	  -66512.5	  -66512.5	  -66512.5
497	-8.34083e+006	    -66593	  -66582.7	  -66582.7	  -66582.7
498	-8.34095e+006	  -66720.5	    -66642	    -66642	    -66642
499	-8.34091e+006	    -66674	  -66686.3	  -66686.3	  -66686.3
500	-8.34087e+006	  -66639.5	  -66735.4	  -66735.4	  -66735.4
501	-8.34108e+006	    -66843	  -66804.6	  -66804.6	  -66804.6
502	-8.34114e+006	    -66904	    -66890	    -66890	    -66890
503	-8.34111e+006	    -66882	  -66993.9	  -66993.9	  -66993.9
504	-8.34137e+006	  -67133.5	  -67112.9	  -67112.9	  -67112.9
505	-8.34159e+006	  -67354.5	  -67204.9	  -67204.9	  -67204.9
506	-8.34158e+006	    -67348	  -67229.7	  -67229.7	  -67229.7
507	-8.34135e+006	    -67116	  -67220.2	  -67220.2	  -67220.2
508	-8.34126e+006	  -67026.5	  -67258.5	  -67258.5	  -67258.5
509	-8.34163e+006	  -67393.5	  -67363.8	  -67363.8	  -67363.8
510	-8.34196e+006	    -67723	    -67458	    -67458	    -67458
511	-8.34174e+006	  -67506.5	  -67484.6	  -67484.6	  -67484.6
512	-8.34151e+006	  -67277.5	  -67494.7	  -67494.7	  -67494.7
513	-8.34173e+006	  -67497.5	    -67557	    -67557	    -67557
514	-8.34202e+006	    -67787	  -67653.6	  -67653.6	  -67653.6
515	-8.34201e+006	    -67773	    -67728	    -67728	    -67728
516	-8.34197e+006	    -67735	  -67770.9	  -67770.9	  -67770.9
517	-8.34202e+006	    -67784	  -67809.6	  -67809.6	  -67809.6
518	-8.34211e+006	    -67878	  -67858.7	  -67858.7	  -67858.7
519	-8.34213e+006	  -67895.5	  -67919.6	  -67919.6	  -67919.6
520	-8.34219e+006	  -67962.5	  -68000.2	  -68000.2	  -68000.2
521	-8.34228e+006	    -68045	  -68106.2	  -68106.2	  -68106.2
522	-8.34252e+006	    -68289	  -68212.7	  -68212.7	  -68212.7
523	-8.34267e+006	  -68441.5	  -68274.8	  -68274.8	  -68274.8
524	-8.34247e+006	    -68241	    -68290	    -68290	    -68290
525	-8.3424e+006	    -68163	  -68314.9	  -68314.9	  -68314.9
526	-8.34258e+006	  -68348.5	  -68385.8	  -68385.8	  -68385.8
527	-8.34287e+006	    -68638	  -68466.3	  -68466.3	  -68466.3
528	-8.34277e+006	  -68540.5	  -68512.7	  -68512.7	  -68512.7
529	-8.34265e+006	  -68415.5	  -68544.5	  -68544.5	  -68544.5
530	-8.34281e+006	    -68574	  -68601.1	  -68601.1	  -68601.1
531	-8.34299e+006	    -68756	  -68677.8	  -68677.8	  -68677.8
532	-8.34297e+006	  -68738.5	  -68753.3	  -68753.3	  -68753.3
533	-8.34299e+006	    -68758	  -68829.9	  -68829.9	  -68829.9
534	-8.34321e+006	    -68974	  -68909.7	  -68909.7	  -68909.7
535	-8.34326e+006	    -69030	  -68979.3	  -68979.3	  -68979.3
536	-8.34319e+006	  -68957.5	  -69038.4	  -69038.4	  -69038.4
537	-8.34336e+006	    -69130	  -69097.1	  -69097.1	  -69097.1
538	-8.34343e+006	    -69194	  -69149.4	  -69149.4	  -69149.4
539	-8.34341e+006	  -69175.5	  -69186.4	  -69186.4	  -69186.4
540	-8.34346e+006	    -69232	  -69218.6	  -69218.6	  -69218.6
541	-8.34342e+006	    -69184	  -69271.8	  -69271.8	  -69271.8
542	-8.34352e+006	    -69286	  -69361.5	  -69361.5	  -69361.5
543	-8.34382e+006	    -69583	  -69465.3	  -69465.3	  -69465.3
544	-8.34383e+006	  -69600.5	  -69545.6	  -69545.6	  -69545.6
545	-8.34377e+006	  -69536.5	  -69600.8	  -69600.8	  -69600.8
546	-8.34386e+006	  -69631.5	  -69649.8	  -69649.8	  -69649.8
547	-8.34405e+006	  -69822.5	  -69689.3	  -69689.3	  -69689.3
548	-8.3439e+006	  -69665.5	  -69723.3	  -69723.3	  -69723.3
549	-8.34381e+006	  -69575.5	  -69795.8	  -69795.8	  -69795.8
550	-8.34421e+006	  -69977.5	  -69925.7	  -69925.7	  -69925.7
551	-8.34442e+006	    -70189	  -70064.1	  -70064.1	  -70064.1
552	-8.3444e+006	    -70168	  -70162.1	  -70162.1	  -70162.1
553	-8.34446e+006	    -70231	    -70221	    -70221	    -70221
554	-8.34451e+006	    -70281	  -70263.4	  -70263.4	  -70263.4
555	-8.34451e+006	  -70277.5	  -70310.5	  -70310.5	  -70310.5
556	-8.34453e+006	    -70295	  -70379.1	  -70379.1	  -70379.1
557	-8.34476e+006	    -70529	  -70462.9	  -70462.9	  -70462.9
558	-8.34482e+006	  -70586.5	    -70532	    -70532	    -70532
559	-8.34483e+006	  -70596.5	  -70573.1	  -70573.1	  -70573.1
560	-8.34477e+006	    -70539	  -70607.3	  -70607.3	  -70607.3
561	-8.34485e+006	    -70618	    -70659	    -70659	    -70659
562	-8.34503e+006	    -70800	  -70725.3	  -70725.3	  -70725.3
563	-8.34497e+006	  -70742.5	  -70794.4	  -70794.4	  -70794.4
564	-8.3451e+006	    -70864	  -70870.9	  -70870.9	  -70870.9
565	-8.34518e+006	  -70945.5	  -70966.4	  -70966.4	  -70966.4
566	-8.34524e+006	  -71010.5	    -71079	    -71079	    -71079
567	-8.34556e+006	    -71328	  -71180.5	  -71180.5	  -71180.5
568	-8.34554e+006	    -71303	    -71237	    -71237	    -71237
569	-8.34544e+006	    -71210	  -71257.3	  -71257.3	  -71257.3
570	-8.34546e+006	    -71227	    -71289	    -71289	    -71289
571	-8.3455e+006	    -71265	  -71361.2	  -71361.2	  -71361.2
572	-8.34579e+006	    -71561	    -71449	    -71449	    -71449
573	-8.34586e+006	    -71628	    -71506	    -71506	    -71506
574	-8.34566e+006	    -71430	  -71536.7	  -71536.7	  -71536.7
575	-8.34571e+006	  -71479.5	  -71595.3	  -71595.3	  -71595.3
576	-8.34592e+006	    -71692	  -71707.2	  -71707.2	  -71707.2
577	-8.34614e+006	    -71912	    -71840	    -71840	    -71840
578	-8.34623e+006	  -71996.5	  -71954.3	  -71954.3	  -71954.3
579	-8.34624e+006	  -72005.5	  -72044.3	  -72044.3	  -72044.3
580	-8.34638e+006	    -72147	  -72113.5	  -72113.5	  -72113.5
581	-8.3465e+006	  -72267.5	  -72146.1	  -72146.1	  -72146.1
582	-8.34639e+006	    -72159	  -72138.6	  -72138.6	  -72138.6
583	-8.34623e+006	    -72000	  -72140.7	  -72140.7	  -72140.7
584	-8.34627e+006	  -72035.5	    -72217	    -72217	    -72217
585	-8.34665e+006	    -72413	  -72368.2	  -72368.2	  -72368.2
586	-8.34686e+006	  -72628.5	  -72520.4	  -72520.4	  -72520.4
587	-8.34697e+006	    -72740	  -72595.9	  -72595.9	  -72595.9
588	-8.34693e+006	    -72700	    -72583	    -72583	    -72583
589	-8.34657e+006	    -72336	  -72556.7	  -72556.7	  -72556.7
590	-8.34661e+006	  -72381.5	  -72613.7	  -72613.7	  -72613.7
591	-8.34711e+006	  -72877.5	  -72762.1	  -72762.1	  -72762.1
592	-8.34722e+006	  -72989.5	  -72928.6	  -72928.6	  -72928.6
593	-8.3473e+006	  -73071.5	  -73063.1	  -73063.1	  -73063.1
594	-8.3474e+006	  -73172.5	  -73166.5	  -73166.5	  -73166.5
595	-8.34752e+006	    -73284	  -73243.9	  -73243.9	  -73243.9
596	-8.3476e+006	  -73367.5	  -73288.1	  -73288.1	  -73288.1
597	-8.34752e+006	    -73284	  -73307.7	  -73307.7	  -73307.7
598	-8.34748e+006	    -73246	  -73336.3	  -73336.3	  -73336.3
599	-8.34761e+006	  -73378.5	  -73399.2	  -73399.2	  -73399.2
600	-8.34774e+006	  -73511.5	  -73489.5	  -73489.5	  -73489.5
601	-8.34779e+006	  -73558.5	  -73586.7	  -73586.7	  -73586.7
602	-8.34795e+006	    -73722	  -73671.2	  -73671.2	  -73671.2
603	-8.34805e+006	  -73819.5	  -73727.1	  -73727.1	  -73727.1
604	-8.34792e+006	    -73686	  -73762.5	  -73762.5	  -73762.5
605	-8.34799e+006	    -73762	  -73806.7	  -73806.7	  -73806.7
606	-8.34814e+006	  -73906.5	  -73874.4	  -73874.4	  -73874.4
607	-8.34814e+006	    -73904	  -73960.7	  -73960.7	  -73960.7
608	-8.34828e+006	  -74051.5	  -74053.5	  -74053.5	  -74053.5
609	-8.34848e+006	    -74250	  -74126.6	  -74126.6	  -74126.6
610	-8.34842e+006	    -74188	  -74159.9	  -74159.9	  -74159.9
611	-8.34834e+006	  -74105.5	  -74169.7	  -74169.7	  -74169.7
612	-8.34841e+006	  -74178.5	  -74183.8	  -74183.8	  -74183.8
613	-8.34847e+006	    -74239	  -74208.1	  -74208.1	  -74208.1
614	-8.34845e+006	  -74220.5	  -74247.1	  -74247.1	  -74247.1
615	-8.3484e+006	  -74166.5	  -74323.4	  -74323.4	  -74323.4
616	-8.3487e+006	  -74465.5	  -74436.1	  -74436.1	  -74436.1
617	-8.34895e+006	  -74721.5	  -74535.2	  -74535.2	  -74535.2
618	-8.34881e+006	    -74575	  -74590.7	  -74590.7	  -74590.7
619	-8.34873e+006	  -74502.5	  -74642.6	  -74642.6	  -74642.6
620	-8.34891e+006	    -74681	  -74734.3	  -74734.3	  -74734.3
621	-8.3492e+006	    -74966	  -74841.6	  -74841.6	  -74841.6
622	-8.34924e+006	  -75006.5	  -74915.5	  -74915.5	  -74915.5
623	-8.3491e+006	  -74869.5	    -74958	    -74958	    -74958
624	-8.34919e+006	  -74959.5	    -75011	    -75011	    -75011
625	-8.34934e+006	    -75108	  -75093.6	  -75093.6	  -75093.6
626	-8.3494e+006	    -75168	  -75191.7	  -75191.7	  -75191.7
627	-8.34957e+006	  -75334.5	  -75282.4	  -75282.4	  -75282.4
628	-8.34963e+006	  -75398.5	    -75347	    -75347	    -75347
629	-8.34962e+006	    -75391	  -75385.4	  -75385.4	  -75385.4
630	-8.34961e+006	    -75376	  -75420.3	  -75420.3	  -75420.3
631	-8.34965e+006	    -75416	  -75472.1	  -75472.1	  -75472.1
632	-8.34984e+006	  -75605.5	  -75530.2	  -75530.2	  -75530.2
633	-8.34986e+006	  -75631.5	  -75567.2	  -75567.2	  -75567.2
634	-8.34978e+006	    -75544	  -75582.6	  -75582.6	  -75582.6
635	-8.34978e+006	    -75545	  -75606.5	  -75606.5	  -75606.5
636	-8.34988e+006	  -75643.5	  -75661.5	  -75661.5	  -75661.5
637	-8.34996e+006	    -75725	  -75744.3	  -75744.3	  -75744.3
638	-8.35008e+006	    -75844	  -75837.7	  -75837.7	  -75837.7
639	-8.35021e+006	    -75975	  -75921.4	  -75921.4	  -75921.4
640	-8.35023e+006	  -75994.5	  -75984.5	  -75984.5	  -75984.5
641	-8.35026e+006	    -76025	  -76030.6	  -76030.6	  -76030.6
642	-8.35031e+006	  -76081.5	  -76066.5	  -76066.5	  -76066.5
643	-8.35035e+006	    -76116	  -76091.5	  -76091.5	  -76091.5
644	-8.35033e+006	    -76102	  -76102.8	  -76102.8	  -76102.8
645	-8.35035e+006	  -76118.5	  -76097.5	  -76097.5	  -76097.5
646	-8.35038e+006	  -76146.5	  -76080.3	  -76080.3	  -76080.3
647	-8.35016e+006	  -75927.5	  -76086.1	  -76086.1	  -76086.1
648	-8.35024e+006	    -76012	  -76168.5	  -76168.5	  -76168.5
649	-8.35056e+006	  -76326.5	  -76336.6	  -76336.6	  -76336.6
650	-8.35079e+006	  -76559.5	  -76528.3	  -76528.3	  -76528.3
651	-8.35118e+006	    -76943	  -76659.4	  -76659.4	  -76659.4
652	-8.35092e+006	  -76687.5	  -76711.8	  -76711.8	  -76711.8
653	-8.35074e+006	  -76507.5	  -76758.2	  -76758.2	  -76758.2
654	-8.35112e+006	    -76888	  -76854.5	  -76854.5	  -76854.5
655	-8.35135e+006	  -77116.5	  -76964.5	  -76964.5	  -76964.5
656	-8.35128e+006	  -77050.5	  -77048.5	  -77048.5	  -77048.5
657	-8.35118e+006	  -76950.5	  -77137.7	  -77137.7	  -77137.7
658	-8.35151e+006	    -77276	  -77264.7	  -77264.7	  -77264.7
659	-8.35176e+006	  -77528.5	  -77393.1	  -77393.1	  -77393.1
660	-8.35178e+006	    -77548	  -77467.9	  -77467.9	  -77467.9
661	-8.35172e+006	    -77483	  -77486.5	  -77486.5	  -77486.5
662	-8.35167e+006	  -77442.5	  -77487.6	  -77487.6	  -77487.6
663	-8.35173e+006	    -77497	  -77505.1	  -77505.1	  -77505.1
664	-8.35173e+006	    -77497	  -77555.5	  -77555.5	  -77555.5
665	-8.35182e+006	  -77583.5	  -77644.8	  -77644.8	  -77644.8
666	-8.35202e+006	    -77784	  -77760.9	  -77760.9	  -77760.9
667	-8.35215e+006	  -77919.5	  -77873.3	  -77873.3	  -77873.3
668	-8.35224e+006	    -78005	  -77955.5	  -77955.5	  -77955.5
669	-8.35225e+006	  -78022.5	  -78002.1	  -78002.1	  -78002.1
670	-8.35227e+006	  -78033.5	  -78026.6	  -78026.6	  -78026.6
671	-8.35226e+006	    -78031	  -78055.5	  -78055.5	  -78055.5
672	-8.35223e+006	  -77995.5	  -78119.3	  -78119.3	  -78119.3
673	-8.35246e+006	  -78226.5	    -78227	    -78227	    -78227
674	-8.35264e+006	  -78409.5	  -78351.4	  -78351.4	  -78351.4
675	-8.35271e+006	  -78474.5	  -78461.8	  -78461.8	  -78461.8
676	-8.35281e+006	  -78575.5	  -78556.4	  -78556.4	  -78556.4
677	-8.3528e+006	    -78570	  -78653.8	  -78653.8	  -78653.8
678	-8.35301e+006	  -78782.5	  -78755.5	  -78755.5	  -78755.5
679	-8.35322e+006	    -78983	  -78830.5	  -78830.5	  -78830.5
680	-8.35309e+006	    -78858	  -78861.1	  -78861.1	  -78861.1
681	-8.35301e+006	    -78780	  -78877.4	  -78877.4	  -78877.4
682	-8.35315e+006	  -78916.5	  -78912.1	  -78912.1	  -78912.1
683	-8.35322e+006	  -78989.5	  -78959.4	  -78959.4	  -78959.4
684	-8.35326e+006	    -79023	  -79001.3	  -79001.3	  -79001.3
685	-8.35324e+006	    -79010	    -79044	    -79044	    -79044
686	-8.35325e+006	    -79014	  -79108.1	  -79108.1	  -79108.1
687	-8.35348e+006	  -79252.5	  -79189.9	  -79189.9	  -79189.9
688	-8.35357e+006	  -79339.5	  -79258.9	  -79258.9	  -79258.9
689	-8.35349e+006	    -79259	  -79298.3	  -79298.3	  -79298.3
690	-8.35358e+006	    -79349	  -79312.7	  -79312.7	  -79312.7
691	-8.35363e+006	  -79394.5	  -79312.2	  -79312.2	  -79312.2
692	-8.35339e+006	    -79155	  -79332.1	  -79332.1	  -79332.1
693	-8.35349e+006	  -79261.5	  -79417.9	  -79417.9	  -79417.9
694	-8.35391e+006	    -79682	  -79552.6	  -79552.6	  -79552.6
695	-8.35402e+006	  -79792.5	  -79664.7	  -79664.7	  -79664.7
696	-8.35394e+006	    -79711	  -79725.1	  -79725.1	  -79725.1
697	-8.35391e+006	  -79677.5	  -79768.9	  -79768.9	  -79768.9
698	-8.35409e+006	  -79857.5	  -79825.7	  -79825.7	  -79825.7
699	-8.35417e+006	    -79940	  -79890.9	  -79890.9	  -79890.9
700	-8.35409e+006	  -79861.5	  -79964.8	  -79964.8	  -79964.8
701	-8.35427e+006	  -80038.5	  -80056.7	  -80056.7	  -80056.7
702	-8.35448e+006	    -80252	  -80150.3	  -80150.3	  -80150.3
703	-8.35447e+006	    -80238	  -80222.5	  -80222.5	  -80222.5
704	-8.35445e+006	  -80218.5	  -80281.8	  -80281.8	  -80281.8
705	-8.35457e+006	  -80336.5	    -80342	    -80342	    -80342
706	-8.35474e+006	    -80512	  -80385.9	  -80385.9	  -80385.9
707	-8.35466e+006	  -80426.5	    -80399	    -80399	    -80399
708	-8.35448e+006	  -80244.5	    -80410	    -80410	    -80410
709	-8.35471e+006	    -80473	  -80446.1	  -80446.1	  -80446.1
710	-8.35484e+006	  -80607.5	  -80489.8	  -80489.8	  -80489.8
711	-8.35467e+006	    -80436	  -80529.6	  -80529.6	  -80529.6
712	-8.35472e+006	  -80489.5	  -80589.9	  -80589.9	  -80589.9
713	-8.35498e+006	  -80748.5	  -80671.4	  -80671.4	  -80671.4
714	-8.35507e+006	  -80839.5	  -80737.7	  -80737.7	  -80737.7
715	-8.35496e+006	  -80723.5	  -80781.4	  -80781.4	  -80781.4
716	-8.35497e+006	    -80733	  -80841.2	  -80841.2	  -80841.2
717	-8.35517e+006	  -80934.5	  -80941.3	  -80941.3	  -80941.3
718	-8.35535e+006	    -81118	  -81062.6	  -81062.6	  -81062.6
719	-8.35539e+006	    -81159	    -81180	    -81180	    -81180
720	-8.35552e+006	    -81285	  -81285.5	  -81285.5	  -81285.5
721	-8.35569e+006	    -81457	  -81371.6	  -81371.6	  -81371.6
722	-8.35567e+006	  -81435.5	  -81436.9	  -81436.9	  -81436.9
723	-8.35565e+006	  -81413.5	  -81500.8	  -81500.8	  -81500.8
724	-8.35583e+006	    -81596	  -81572.4	  -81572.4	  -81572.4
725	-8.35599e+006	    -81756	  -81626.4	  -81626.4	  -81626.4
726	-8.35587e+006	    -81640	  -81648.5	  -81648.5	  -81648.5
727	-8.35579e+006	  -81555.5	  -81671.6	  -81671.6	  -81671.6
728	-8.35592e+006	  -81684.5	  -81726.4	  -81726.4	  -81726.4
729	-8.35614e+006	    -81911	  -81789.8	  -81789.8	  -81789.8
730	-8.35613e+006	    -81896	  -81825.9	  -81825.9	  -81825.9
731	-8.35594e+006	    -81703	    -81850	    -81850	    -81850
732	-8.35608e+006	  -81851.5	  -81894.7	  -81894.7	  -81894.7
733	-8.35637e+006	  -82133.5	  -81944.9	  -81944.9	  -81944.9
734	-8.35612e+006	  -81890.5	  -81975.8	  -81975.8	  -81975.8
735	-8.35619e+006	  -81953.5	  -82002.1	  -82002.1	  -82002.1
736	-8.35634e+006	  -82110.5	  -82046.4	  -82046.4	  -82046.4
737	-8.35622e+006	    -81988	  -82119.8	  -82119.8	  -82119.8
738	-8.35643e+006	  -82199.5	  -82226.1	  -82226.1	  -82226.1
739	-8.35666e+006	    -82428	    -82333	    -82333	    -82333
740	-8.35677e+006	  -82533.5	  -82383.1	  -82383.1	  -82383.1
741	-8.35666e+006	    -82427	  -82366.2	  -82366.2	  -82366.2
742	-8.35635e+006	    -82115	  -82353.4	  -82353.4	  -82353.4
743	-8.3565e+006	  -82265.5	  -82418.5	  -82418.5	  -82418.5
744	-8.35695e+006	    -82713	  -82537.2	  -82537.2	  -82537.2
745	-8.35698e+006	    -82748	  -82628.9	  -82628.9	  -82628.9
746	-8.35683e+006	  -82599.5	  -82677.4	  -82677.4	  -82677.4
747	-8.35686e+006	  -82623.5	  -82732.2	  -82732.2	  -82732.2
748	-8.3571e+006	  -82870.5	  -82815.6	  -82815.6	  -82815.6
749	-8.35719e+006	    -82959	  -82905.1	  -82905.1	  -82905.1
750	-8.35715e+006	    -82919	  -82992.1	  -82992.1	  -82992.1
751	-8.35729e+006	    -83062	  -83093.3	  -83093.3	  -83093.3
752	-8.35746e+006	  -83232.5	    -83211	    -83211	    -83211
753	-8.35758e+006	  -83350.5	  -83326.2	  -83326.2	  -83326.2
754	-8.35768e+006	  -83452.5	  -83423.2	  -83423.2	  -83423.2
755	-8.35773e+006	    -83502	  -83498.5	  -83498.5	  -83498.5
756	-8.35782e+006	    -83591	  -83553.3	  -83553.3	  -83553.3
757	-8.35783e+006	    -83602	  -83589.8	  -83589.8	  -83589.8
758	-8.35784e+006	    -83605	  -83617.4	  -83617.4	  -83617.4
759	-8.35787e+006	  -83635.5	    -83655	    -83655	    -83655
760	-8.35787e+006	    -83640	    -83722	    -83722	    -83722
761	-8.35804e+006	  -83803.5	  -83821.6	  -83821.6	  -83821.6
762	-8.35824e+006	    -84005	  -83929.5	  -83929.5	  -83929.5
763	-8.35827e+006	  -84037.5	  -84020.1	  -84020.1	  -84020.1
764	-8.3583e+006	    -84068	    -84096	    -84096	    -84096
765	-8.3584e+006	    -84170	  -84176.8	  -84176.8	  -84176.8
766	-8.35846e+006	    -84224	  -84272.1	  -84272.1	  -84272.1
767	-8.35864e+006	    -84407	  -84363.1	  -84363.1	  -84363.1
768	-8.35882e+006	  -84590.5	  -84412.2	  -84412.2	  -84412.2
769	-8.35861e+006	    -84376	  -84416.1	  -84416.1	  -84416.1
770	-8.35849e+006	  -84256.5	  -84428.2	  -84428.2	  -84428.2
771	-8.35872e+006	  -84491.5	  -84487.3	  -84487.3	  -84487.3
772	-8.35889e+006	    -84653	  -84567.3	  -84567.3	  -84567.3
773	-8.35888e+006	  -84645.5	  -84631.3	  -84631.3	  -84631.3
774	-8.35886e+006	  -84632.5	    -84683	    -84683	    -84683
775	-8.35896e+006	    -84730	  -84741.9	  -84741.9	  -84741.9
776	-8.35908e+006	  -84848.5	  -84811.3	  -84811.3	  -84811.3
777	-8.35906e+006	    -84831	    -84891	    -84891	    -84891
778	-8.3592e+006	    -84972	  -84989.6	  -84989.6	  -84989.6
779	-8.35932e+006	    -85092	  -85111.2	  -85111.2	  -85111.2
780	-8.35947e+006	    -85233	  -85242.7	  -85242.7	  -85242.7
781	-8.35968e+006	  -85445.5	  -85353.9	  -85353.9	  -85353.9
782	-8.35974e+006	  -85510.5	  -85414.2	  -85414.2	  -85414.2
783	-8.35967e+006	    -85437	  -85429.2	  -85429.2	  -85429.2
784	-8.35953e+006	    -85296	    -85444	    -85444	    -85444
785	-8.35975e+006	  -85521.5	  -85489.9	  -85489.9	  -85489.9
786	-8.35983e+006	  -85601.5	  -85560.5	  -85560.5	  -85560.5
787	-8.35975e+006	  -85521.5	  -85650.9	  -85650.9	  -85650.9
788	-8.35999e+006	  -85758.5	  -85754.8	  -85754.8	  -85754.8
789	-8.3603e+006	    -86063	  -85828.5	  -85828.5	  -85828.5
790	-8.36008e+006	  -85848.5	  -85841.2	  -85841.2	  -85841.2
791	-8.3599e+006	    -85670	  -85832.5	  -85832.5	  -85832.5
792	-8.3601e+006	    -85864	  -85849.6	  -85849.6	  -85849.6
793	-8.36021e+006	  -85975.5	  -85887.5	  -85887.5	  -85887.5
794	-8.36007e+006	  -85834.5	  -85941.5	  -85941.5	  -85941.5
795	-8.36012e+006	    -85891	    -86035	    -86035	    -86035
796	-8.36052e+006	  -86286.5	  -86155.8	  -86155.8	  -86155.8
797	-8.3606e+006	    -86372	  -86250.2	  -86250.2	  -86250.2
798	-8.36048e+006	    -86244	  -86306.3	  -86306.3	  -86306.3
799	-8.3605e+006	  -86263.5	  -86369.3	  -86369.3	  -86369.3
800	-8.36071e+006	    -86473	  -86463.4	  -86463.4	  -86463.4
801	-8.36089e+006	    -86654	  -86559.4	  -86559.4	  -86559.4
802	-8.36088e+006	  -86649.5	  -86624.3	  -86624.3	  -86624.3
803	-8.36088e+006	  -86650.5	  -86662.5	  -86662.5	  -86662.5
804	-8.3609e+006	    -86667	  -86698.8	  -86698.8	  -86698.8
805	-8.36098e+006	    -86747	  -86747.3	  -86747.3	  -86747.3
806	-8.36103e+006	  -86802.5	  -86806.5	  -86806.5	  -86806.5
807	-8.36107e+006	  -86842.5	  -86865.1	  -86865.1	  -86865.1
808	-8.36126e+006	    -87030	  -86904.7	  -86904.7	  -86904.7
809	-8.36115e+006	    -86914	  -86927.4	  -86927.4	  -86927.4
810	-8.36099e+006	    -86756	  -86977.6	  -86977.6	  -86977.6
811	-8.36134e+006	    -87108	  -87084.9	  -87084.9	  -87084.9
812	-8.36154e+006	  -87306.5	  -87213.9	  -87213.9	  -87213.9
813	-8.36158e+006	    -87351	  -87320.4	  -87320.4	  -87320.4
814	-8.36158e+006	  -87347.5	  -87408.1	  -87408.1	  -87408.1
815	-8.36173e+006	    -87495	  -87499.5	  -87499.5	  -87499.5
816	-8.36187e+006	  -87633.5	  -87594.8	  -87594.8	  -87594.8
817	-8.36191e+006	  -87680.5	  -87680.4	  -87680.4	  -87680.4
818	-8.36201e+006	  -87774.5	  -87748.2	  -87748.2	  -87748.2
819	-8.36206e+006	  -87824.5	  -87793.5	  -87793.5	  -87793.5
820	-8.36208e+006	  -87852.5	  -87817.5	  -87817.5	  -87817.5
821	-8.36202e+006	  -87789.5	  -87837.8	  -87837.8	  -87837.8
822	-8.36202e+006	  -87787.5	  -87875.9	  -87875.9	  -87875.9
823	-8.36228e+006	  -88047.5	  -87928.2	  -87928.2	  -87928.2
824	-8.36218e+006	    -87948	  -87982.7	  -87982.7	  -87982.7
825	-8.36215e+006	  -87918.5	  -88051.6	  -88051.6	  -88051.6
826	-8.36247e+006	  -88238.5	  -88135.9	  -88135.9	  -88135.9
827	-8.3625e+006	  -88265.5	  -88203.9	  -88203.9	  -88203.9
828	-8.36249e+006	  -88253.5	  -88245.7	  -88245.7	  -88245.7
829	-8.3624e+006	    -88169	  -88301.5	  -88301.5	  -88301.5
830	-8.36256e+006	    -88325	  -88411.2	  -88411.2	  -88411.2
831	-8.36285e+006	    -88618	  -88557.7	  -88557.7	  -88557.7
832	-8.36303e+006	    -88800	  -88681.7	  -88681.7	  -88681.7
833	-8.36304e+006	    -88812	  -88751.1	  -88751.1	  -88751.1
834	-8.36293e+006	  -88694.5	  -88794.2	  -88794.2	  -88794.2
835	-8.36304e+006	    -88803	  -88854.4	  -88854.4	  -88854.4
836	-8.36323e+006	    -88998	  -88933.9	  -88933.9	  -88933.9
837	-8.36326e+006	  -89028.5	  -89005.8	  -89005.8	  -89005.8
838	-8.36329e+006	    -89060	  -89058.2	  -89058.2	  -89058.2
839	-8.36334e+006	  -89107.5	  -89102.1	  -89102.1	  -89102.1
840	-8.36334e+006	  -89108.5	    -89154	    -89154	    -89154
841	-8.36343e+006	  -89196.5	    -89220	    -89220	    -89220
842	-8.36359e+006	    -89359	  -89287.2	  -89287.2	  -89287.2
843	-8.36359e+006	    -89358	    -89347	    -89347	    -89347
844	-8.36352e+006	  -89287.5	  -89421.9	  -89421.9	  -89421.9
845	-8.36374e+006	    -89512	  -89535.9	  -89535.9	  -89535.9
846	-8.36396e+006	    -89732	  -89669.9	  -89669.9	  -89669.9
847	-8.36407e+006	    -89836	  -89782.6	  -89782.6	  -89782.6
848	-8.36413e+006	    -89900	  -89855.5	  -89855.5	  -89855.5
849	-8.36411e+006	    -89876	  -89900.1	  -89900.1	  -89900.1
850	-8.36417e+006	  -89934.5	  -89931.9	  -89931.9	  -89931.9
851	-8.36425e+006	    -90019	  -89951.9	  -89951.9	  -89951.9
852	-8.36416e+006	    -89926	    -89963	    -89963	    -89963
853	-8.36416e+006	    -89929	  -89984.1	  -89984.1	  -89984.1
854	-8.36427e+006	  -90036.5	  -90032.5	  -90032.5	  -90032.5
855	-8.36427e+006	    -90042	  -90110.9	  -90110.9	  -90110.9
856	-8.36445e+006	  -90220.5	  -90207.7	  -90207.7	  -90207.7
857	-8.3646e+006	  -90370.5	  -90295.7	  -90295.7	  -90295.7
858	-8.36462e+006	    -90390	  -90353.8	  -90353.8	  -90353.8
859	-8.3646e+006	    -90365	  -90392.9	  -90392.9	  -90392.9
860	-8.36461e+006	    -90379	  -90446.8	  -90446.8	  -90446.8
861	-8.36472e+006	  -90490.5	  -90536.5	  -90536.5	  -90536.5
862	-8.36491e+006	    -90678	  -90650.4	  -90650.4	  -90650.4
863	-8.36504e+006	    -90808	  -90760.8	  -90760.8	  -90760.8
864	-8.36507e+006	  -90841.5	  -90850.6	  -90850.6	  -90850.6
865	-8.36518e+006	  -90952.5	  -90914.2	  -90914.2	  -90914.2
866	-8.36526e+006	    -91029	    -90946	    -90946	    -90946
867	-8.36516e+006	    -90925	  -90959.4	  -90959.4	  -90959.4
868	-8.36509e+006	  -90862.5	  -90996.3	  -90996.3	  -90996.3
869	-8.36528e+006	    -91051	  -91081.4	  -91081.4	  -91081.4
870	-8.36551e+006	    -91273	    -91187	    -91187	    -91187
871	-8.36555e+006	  -91316.5	  -91267.5	  -91267.5	  -91267.5
872	-8.36557e+006	    -91338	  -91313.5	  -91313.5	  -91313.5
873	-8.36552e+006	    -91283	  -91355.2	  -91355.2	  -91355.2
874	-8.36558e+006	    -91347	  -91421.4	  -91421.4	  -91421.4
875	-8.36583e+006	  -91602.5	  -91503.1	  -91503.1	  -91503.1
876	-8.36584e+006	  -91603.5	  -91575.6	  -91575.6	  -91575.6
877	-8.36578e+006	  -91547.5	  -91648.5	  -91648.5	  -91648.5
878	-8.36594e+006	    -91711	  -91752.7	  -91752.7	  -91752.7
879	-8.36612e+006	    -91883	  -91890.2	  -91890.2	  -91890.2
880	-8.36631e+006	    -92073	  -92024.5	  -92024.5	  -92024.5
881	-8.36649e+006	  -92260.5	  -92112.5	  -92112.5	  -92112.5
882	-8.36639e+006	    -92153	  -92149.7	  -92149.7	  -92149.7
883	-8.36625e+006	  -92018.5	  -92178.2	  -92178.2	  -92178.2
884	-8.36653e+006	    -92295	  -92223.1	  -92223.1	  -92223.1
885	-8.3666e+006	    -92370	  -92259.1	  -92259.1	  -92259.1
886	-8.36646e+006	  -92225.5	  -92275.3	  -92275.3	  -92275.3
887	-8.36639e+006	    -92153	  -92301.3	  -92301.3	  -92301.3
888	-8.3667e+006	  -92466.5	  -92336.6	  -92336.6	  -92336.6
889	-8.36676e+006	    -92529	  -92345.3	  -92345.3	  -92345.3
890	-8.36631e+006	    -92076	  -92356.1	  -92356.1	  -92356.1
891	-8.36646e+006	  -92225.5	  -92450.3	  -92450.3	  -92450.3
892	-8.36702e+006	  -92791.5	  -92622.2	  -92622.2	  -92622.2
893	-8.36716e+006	    -92926	    -92778	    -92778	    -92778
894	-8.36708e+006	  -92843.5	  -92870.5	  -92870.5	  -92870.5
895	-8.36711e+006	  -92882.5	  -92926.4	  -92926.4	  -92926.4
896	-8.36729e+006	    -93059	  -92962.3	  -92962.3	  -92962.3
897	-8.36727e+006	    -93034	  -92966.5	  -92966.5	  -92966.5
898	-8.36712e+006	    -92886	    -92955	    -92955	    -92955
899	-8.36709e+006	  -92854.5	  -92979.8	  -92979.8	  -92979.8
900	-8.36723e+006	    -92994	  -93070.2	  -93070.2	  -93070.2
901	-8.36751e+006	  -93280.5	  -93196.1	  -93196.1	  -93196.1
902	-8.36762e+006	  -93388.5	  -93307.3	  -93307.3	  -93307.3
903	-8.36756e+006	  -93332.5	  -93395.5	  -93395.5	  -93395.5
904	-8.36767e+006	  -93436.5	  -93486.2	  -93486.2	  -93486.2
905	-8.36787e+006	  -93635.5	  -93580.5	  -93580.5	  -93580.5
906	-8.368e+006	    -93770	  -93653.9	  -93653.9	  -93653.9
907	-8.36783e+006	    -93600	  -93713.3	  -93713.3	  -93713.3
908	-8.36792e+006	    -93692	  -93795.3	  -93795.3	  -93795.3
909	-8.36825e+006	    -94014	    -93900	    -93900	    -93900
910	-8.36827e+006	  -94035.5	  -93990.8	  -93990.8	  -93990.8
911	-8.36825e+006	  -94019.5	  -94055.2	  -94055.2	  -94055.2
912	-8.36834e+006	    -94106	  -94103.5	  -94103.5	  -94103.5
913	-8.36847e+006	    -94236	    -94133	    -94133	    -94133
914	-8.36836e+006	    -94130	  -94148.2	  -94148.2	  -94148.2
915	-8.36822e+006	    -93987	    -94183	    -94183	    -94183
916	-8.36859e+006	    -94361	  -94248.2	  -94248.2	  -94248.2
917	-8.36863e+006	  -94397.5	  -94311.6	  -94311.6	  -94311.6
918	-8.36849e+006	  -94254.5	    -94368	    -94368	    -94368
919	-8.36859e+006	  -94359.5	  -94449.5	  -94449.5	  -94449.5
920	-8.36887e+006	  -94639.5	  -94554.4	  -94554.4	  -94554.4
921	-8.36897e+006	    -94739	    -94644	    -94644	    -94644
922	-8.36886e+006	  -94628.5	    -94709	    -94709	    -94709
923	-8.36897e+006	  -94734.5	  -94765.6	  -94765.6	  -94765.6
924	-8.36921e+006	  -94976.5	  -94801.4	  -94801.4	  -94801.4
925	-8.36905e+006	  -94820.5	  -94800.7	  -94800.7	  -94800.7
926	-8.36884e+006	    -94610	  -94802.5	  -94802.5	  -94802.5
927	-8.36905e+006	  -94819.5	  -94851.3	  -94851.3	  -94851.3
928	-8.36926e+006	  -95028.5	  -94924.9	  -94924.9	  -94924.9
929	-8.36929e+006	  -95053.5	    -94979	    -94979	    -94979
930	-8.36912e+006	    -94892	  -95025.4	  -95025.4	  -95025.4
931	-8.36923e+006	    -94996	  -95099.6	  -95099.6	  -95099.6
932	-8.36962e+006	    -95384	  -95179.2	  -95179.2	  -95179.2
933	-8.36955e+006	    -95321	  -95220.3	  -95220.3	  -95220.3
934	-8.36922e+006	  -94991.5	  -95255.4	  -95255.4	  -95255.4
935	-8.3695e+006	    -95270	  -95348.1	  -95348.1	  -95348.1
936	-8.36987e+006	  -95639.5	  -95483.5	  -95483.5	  -95483.5
937	-8.36985e+006	  -95622.5	  -95602.2	  -95602.2	  -95602.2
938	-8.36989e+006	    -95654	  -95689.8	  -95689.8	  -95689.8
939	-8.37002e+006	  -95791.5	  -95761.5	  -95761.5	  -95761.5
940	-8.3701e+006	    -95863	  -95816.7	  -95816.7	  -95816.7
941	-8.3701e+006	  -95869.5	  -95855.3	  -95855.3	  -95855.3
942	-8.37005e+006	    -95822	  -95903.2	  -95903.2	  -95903.2
943	-8.37012e+006	    -95888	  -95990.9	  -95990.9	  -95990.9
944	-8.37042e+006	    -96185	    -96111	    -96111	    -96111
945	-8.3705e+006	  -96270.5	  -96223.2	  -96223.2	  -96223.2
946	-8.37055e+006	  -96320.5	  -96298.5	  -96298.5	  -96298.5
947	-8.37064e+006	    -96409	    -96335	    -96335	    -96335
948	-8.37054e+006	  -96308.5	  -96348.7	  -96348.7	  -96348.7
949	-8.37054e+006	  -96308.5	  -96356.3	  -96356.3	  -96356.3
950	-8.37074e+006	  -96505.5	  -96355.1	  -96355.1	  -96355.1
951	-8.3705e+006	  -96270.5	  -96348.4	  -96348.4	  -96348.4
952	-8.37043e+006	    -96197	  -96372.6	  -96372.6	  -96372.6
953	-8.37077e+006	  -96540.5	  -96452.1	  -96452.1	  -96452.1
954	-8.37071e+006	    -96473	  -96575.4	  -96575.4	  -96575.4
955	-8.37092e+006	  -96685.5	  -96721.3	  -96721.3	  -96721.3
956	-8.37128e+006	    -97043	  -96857.6	  -96857.6	  -96857.6
957	-8.37116e+006	  -96928.5	  -96966.9	  -96966.9	  -96966.9
958	-8.37114e+006	    -96912	  -97072.6	  -97072.6	  -97072.6
959	-8.37157e+006	  -97342.5	  -97173.9	  -97173.9	  -97173.9
960	-8.37163e+006	  -97395.5	    -97220	    -97220	    -97220
961	-8.37138e+006	  -97152.5	  -97204.4	  -97204.4	  -97204.4
962	-8.37126e+006	  -97023.5	  -97199.7	  -97199.7	  -97199.7
963	-8.37143e+006	    -97194	  -97263.5	  -97263.5	  -97263.5
964	-8.37169e+006	  -97459.5	  -97373.7	  -97373.7	  -97373.7
965	-8.37175e+006	    -97518	  -97476.9	  -97476.9	  -97476.9
966	-8.37177e+006	  -97535.5	  -97552.8	  -97552.8	  -97552.8
967	-8.37187e+006	    -97638	  -97605.8	  -97605.8	  -97605.8
968	-8.37192e+006	    -97689	  -97635.9	  -97635.9	  -97635.9
969	-8.37188e+006	    -97646	  -97650.4	  -97650.4	  -97650.4
970	-8.37181e+006	  -97578.5	  -97679.7	  -97679.7	  -97679.7
971	-8.37193e+006	    -97700	  -97749.8	  -97749.8	  -97749.8
972	-8.37211e+006	    -97880	  -97846.6	  -97846.6	  -97846.6
973	-8.37225e+006	  -98017.5	  -97930.4	  -97930.4	  -97930.4
974	-8.37223e+006	    -97995	  -97984.2	  -97984.2	  -97984.2
975	-8.37219e+006	    -97960	  -98034.7	  -98034.7	  -98034.7
976	-8.37228e+006	  -98043.5	  -98117.9	  -98117.9	  -98117.9
977	-8.37248e+006	    -98243	  -98231.2	  -98231.2	  -98231.2
978	-8.37268e+006	    -98451	  -98332.3	  -98332.3	  -98332.3
979	-8.37267e+006	    -98439	  -98390.3	  -98390.3	  -98390.3
980	-8.37257e+006	  -98339.5	  -98419.9	  -98419.9	  -98419.9
981	-8.37268e+006	    -98451	  -98442.3	  -98442.3	  -98442.3
982	-8.37282e+006	    -98590	    -98445	    -98445	    -98445
983	-8.37262e+006	  -98389.5	  -98422.2	  -98422.2	  -98422.2
984	-8.37248e+006	  -98251.5	  -98412.8	  -98412.8	  -98412.8
985	-8.3727e+006	  -98472.5	  -98450.9	  -98450.9	  -98450.9
986	-8.37275e+006	  -98522.5	  -98524.5	  -98524.5	  -98524.5
987	-8.37281e+006	    -98579	  -98606.4	  -98606.4	  -98606.4
988	-8.37301e+006	  -98777.5	  -98682.7	  -98682.7	  -98682.7
989	-8.37289e+006	    -98657	  -98759.2	  -98759.2	  -98759.2
990	-8.37306e+006	    -98826	  -98853.2	  -98853.2	  -98853.2
991	-8.37325e+006	    -99017	  -98964.6	  -98964.6	  -98964.6
992	-8.37326e+006	    -99031	  -99075.8	  -99075.8	  -99075.8
993	-8.37348e+006	    -99250	  -99168.6	  -99168.6	  -99168.6
994	-8.37353e+006	  -99294.5	  -99232.4	  -99232.4	  -99232.4
995	-8.37342e+006	    -99187	  -99282.2	  -99282.2	  -99282.2
996	-8.37356e+006	    -99329	  -99345.2	  -99345.2	  -99345.2
997	-8.37369e+006	    -99460	  -99423.2	  -99423.2	  -99423.2
998	-8.37371e+006	  -99480.5	  -99492.8	  -99492.8	  -99492.8
999	-8.37387e+006	  -99633.5	  -99523.1	  -99523.1	  -99523.1
1000	-8.37386e+006	    -99627	  -99495.1	  -99495.1	  -99495.1
1001	-8.37353e+006	  -99298.5	  -99442.6	  -99442.6	  -99442.6
1002	-8.37352e+006	    -99289	  -99439.5	  -99439.5	  -99439.5
1003	-8.3737e+006	    -99471	  -99520.4	  -99520.4	  -99520.4
1004	-8.37394e+006	    -99706	  -99652.9	  -99652.9	  -99652.9
1005	-8.37403e+006	  -99801.5	  -99794.3	  -99794.3	  -99794.3
1006	-8.37411e+006	  -99878.5	  -99932.8	  -99932.8	  -99932.8
1007	-8.37435e+006	   -100119	   -100062	   -100062	   -100062
1008	-8.3745e+006	   -100266	   -100160	   -100160	   -100160
1009	-8.37444e+006	   -100206	   -100224	   -100224	   -100224
1010	-8.37443e+006	   -100198	   -100285	   -100285	   -100285
1011	-8.37461e+006	   -100374	   -100367	   -100367	   -100367
1012	-8.37473e+006	   -100501	   -100457	   -100457	   -100457
1013	-8.37477e+006	   -100540	   -100538	   -100538	   -100538
1014	-8.37484e+006	   -100608	   -100605	   -100605	   -100605
1015	-8.37491e+006	   -100682	   -100660	   -100660	   -100660
1016	-8.37496e+006	   -100729	   -100701	   -100701	   -100701
1017	-8.37496e+006	   -100729	   -100739	   -100739	   -100739
1018	-8.37492e+006	   -100688	   -100805	   -100805	   -100805
1019	-8.37509e+006	   -100862	   -100923	   -100923	   -100923
1020	-8.37535e+006	   -101114	   -101069	   -101069	   -101069
1021	-8.37556e+006	   -101323	   -101185	   -101185	   -101185
1022	-8.37554e+006	   -101307	   -101236	   -101236	   -101236
1023	-8.37541e+006	   -101177	   -101245	   -101245	   -101245
1024	-8.37546e+006	   -101228	   -101256	   -101256	   -101256
1025	-8.37551e+006	   -101281	   -101295	   -101295	   -101295
1026	-8.37553e+006	   -101300	   -101354	   -101354	   -101354
1027	-8.37576e+006	   -101524	   -101400	   -101400	   -101400
1028	-8.37576e+006	   -101524	   -101415	   -101415	   -101415
1029	-8.37539e+006	   -101156	   -101442	   -101442	   -101442
1030	-8.37569e+006	   -101459	   -101537	   -101537	   -101537
1031	-8.37609e+006	   -101856	   -101671	   -101671	   -101671
1032	-8.37604e+006	   -101812	   -101777	   -101777	   -101777
1033	-8.37605e+006	   -101819	   -101844	   -101844	   -101844
1034	-8.37609e+006	   -101860	   -101906	   -101906	   -101906
1035	-8.37622e+006	   -101992	   -101978	   -101978	   -101978
1036	-8.37635e+006	   -102115	   -102042	   -102042	   -102042
1037	-8.3763e+006	   -102069	   -102091	   -102091	   -102091
1038	-8.37632e+006	   -102093	   -102141	   -102141	   -102141
1039	-8.37645e+006	   -102215	   -102204	   -102204	   -102204
1040	-8.37651e+006	   -102278	   -102281	   -102281	   -102281
1041	-8.37656e+006	   -102330	   -102374	   -102374	   -102374
1042	-8.37667e+006	   -102441	   -102487	   -102487	   -102487
1043	-8.37692e+006	   -102691	   -102603	   -102603	   -102603
1044	-8.37696e+006	   -102732	   -102699	   -102699	   -102699
1045	-8.37696e+006	   -102724	   -102779	   -102779	   -102779
1046	-8.3771e+006	   -102866	   -102853	   -102853	   -102853
1047	-8.37723e+006	   -102997	   -102916	   -102916	   -102916
1048	-8.37718e+006	   -102948	   -102962	   -102962	   -102962
1049	-8.37716e+006	   -102926	   -103006	   -103006	   -103006
1050	-8.37735e+006	   -103116	   -103055	   -103055	   -103055
1051	-8.3774e+006	   -103165	   -103094	   -103094	   -103094
1052	-8.37726e+006	   -103027	   -103131	   -103131	   -103131
1053	-8.37735e+006	   -103120	   -103187	   -103187	   -103187
1054	-8.37761e+006	   -103379	   -103251	   -103251	   -103251
1055	-8.37758e+006	   -103347	   -103286	   -103286	   -103286
1056	-8.37745e+006	   -103216	   -103297	   -103297	   -103297
1057	-8.37751e+006	   -103279	   -103318	   -103318	   -103318
1058	-8.37764e+006	   -103413	   -103359	   -103359	   -103359
1059	-8.3776e+006	   -103364	   -103423	   -103423	   -103423
1060	-8.37761e+006	   -103379	   -103524	   -103524	   -103524
1061	-8.37798e+006	   -103748	   -103645	   -103645	   -103645
1062	-8.37815e+006	   -103917	   -103729	   -103729	   -103729
1063	-8.37795e+006	   -103714	   -103755	   -103755	   -103755
1064	-8.37787e+006	   -103638	   -103775	   -103775	   -103775
1065	-8.37807e+006	   -103839	   -103831	   -103831	   -103831
1066	-8.37819e+006	   -103958	   -103907	   -103907	   -103907
1067	-8.37822e+006	   -103985	   -103975	   -103975	   -103975
1068	-8.37823e+006	   -104000	   -104032	   -104032	   -104032
1069	-8.37834e+006	   -104103	   -104084	   -104084	   -104084
1070	-8.37842e+006	   -104192	   -104120	   -104120	   -104120
1071	-8.37835e+006	   -104123	   -104145	   -104145	   -104145
1072	-8.3783e+006	   -104070	   -104188	   -104188	   -104188
1073	-8.37849e+006	   -104256	   -104270	   -104270	   -104270
1074	-8.37866e+006	   -104428	   -104366	   -104366	   -104366
1075	-8.37873e+006	   -104502	   -104427	   -104427	   -104427
1076	-8.37877e+006	   -104542	   -104436	   -104436	   -104436
1077	-8.37852e+006	   -104284	   -104437	   -104437	   -104437
1078	-8.37854e+006	   -104313	   -104502	   -104502	   -104502
1079	-8.37889e+006	   -104659	   -104634	   -104634	   -104634
1080	-8.37926e+006	   -105025	   -104750	   -104750	   -104750
1081	-8.37902e+006	   -104792	   -104807	   -104807	   -104807
1082	-8.37881e+006	   -104577	   -104861	   -104861	   -104861
1083	-8.3793e+006	   -105070	   -104960	   -104960	   -104960
1084	-8.37941e+006	   -105174	   -105072	   -105072	   -105072
1085	-8.37931e+006	   -105079	   -105165	   -105165	   -105165
1086	-8.37951e+006	   -105277	   -105250	   -105250	   -105250
1087	-8.37955e+006	   -105322	   -105335	   -105335	   -105335
1088	-8.3797e+006	   -105466	   -105401	   -105401	   -105401
1089	-8.37977e+006	   -105538	   -105428	   -105428	   -105428
1090	-8.37957e+006	   -105338	   -105437	   -105437	   -105437
1091	-8.37957e+006	   -105333	   -105482	   -105482	   -105482
1092	-8.37985e+006	   -105615	   -105576	   -105576	   -105576
1093	-8.38e+006	   -105768	   -105674	   -105674	   -105674
1094	-8.38002e+006	   -105783	   -105740	   -105740	   -105740
1095	-8.37992e+006	   -105688	   -105792	   -105792	   -105792
1096	-8.38007e+006	   -105836	   -105854	   -105854	   -105854
1097	-8.38028e+006	   -106052	   -105905	   -105905	   -105905
1098	-8.38019e+006	   -105953	   -105919	   -105919	   -105919
1099	-8.38005e+006	   -105819	   -105921	   -105921	   -105921
1100	-8.38009e+006	   -105857	   -105963	   -105963	   -105963
1101	-8.38031e+006	   -106081	   -106059	   -106059	   -106059
1102	-8.38041e+006	   -106176	   -106183	   -106183	   -106183
1103	-8.38053e+006	   -106298	   -106310	   -106310	   -106310
1104	-8.38073e+006	   -106496	   -106423	   -106423	   -106423
1105	-8.38077e+006	   -106535	   -106507	   -106507	   -106507
1106	-8.38079e+006	   -106560	   -106570	   -106570	   -106570
1107	-8.38084e+006	   -106608	   -106627	   -106627	   -106627
1108	-8.38093e+006	   -106697	   -106693	   -106693	   -106693
1109	-8.38097e+006	   -106737	   -106767	   -106767	   -106767
1110	-8.38111e+006	   -106879	   -106842	   -106842	   -106842
1111	-8.38117e+006	   -106942	   -106907	   -106907	   -106907
1112	-8.38115e+006	   -106916	   -106968	   -106968	   -106968
1113	-8.38126e+006	   -107025	   -107034	   -107034	   -107034
1114	-8.38137e+006	   -107137	   -107100	   -107100	   -107100
1115	-8.38144e+006	   -107206	   -107151	   -107151	   -107151
1116	-8.38137e+006	   -107139	   -107197	   -107197	   -107197
1117	-8.38141e+006	   -107174	   -107261	   -107261	   -107261
1118	-8.38164e+006	   -107408	   -107339	   -107339	   -107339
1119	-8.38175e+006	   -107516	   -107395	   -107395	   -107395
1120	-8.38161e+006	   -107375	   -107426	   -107426	   -107426
1121	-8.38154e+006	   -107306	   -107481	   -107481	   -107481
1122	-8.38182e+006	   -107587	   -107583	   -107583	   -107583
1123	-8.3821e+006	   -107872	   -107689	   -107689	   -107689
1124	-8.38198e+006	   -107745	   -107761	   -107761	   -107761
1125	-8.38191e+006	   -107678	   -107831	   -107831	   -107831
1126	-8.38219e+006	   -107955	   -107931	   -107931	   -107931
1127	-8.38235e+006	   -108116	   -108042	   -108042	   -108042
1128	-8.38237e+006	   -108140	   -108135	   -108135	   -108135
1129	-8.38241e+006	   -108181	   -108210	   -108210	   -108210
1130	-8.38256e+006	   -108328	   -108269	   -108269	   -108269
1131	-8.3826e+006	   -108364	   -108304	   -108304	   -108304
1132	-8.38251e+006	   -108275	   -108321	   -108321	   -108321
1133	-8.38254e+006	   -108308	   -108340	   -108340	   -108340
1134	-8.38264e+006	   -108405	   -108375	   -108375	   -108375
1135	-8.38259e+006	   -108359	   -108433	   -108433	   -108433
1136	-8.38269e+006	   -108461	   -108519	   -108519	   -108519
1137	-8.38295e+006	   -108718	   -108617	   -108617	   -108617
1138	-8.38291e+006	   -108681	   -108699	   -108699	   -108699
1139	-8.38304e+006	   -108805	   -108748	   -108748	   -108748
1140	-8.38309e+006	   -108855	   -108771	   -108771	   -108771
1141	-8.38284e+006	   -108604	   -108809	   -108809	   -108809
1142	-8.38303e+006	   -108802	   -108913	   -108913	   -108913
1143	-8.38341e+006	   -109177	   -109063	   -109063	   -109063
1144	-8.38351e+006	   -109281	   -109199	   -109199	   -109199
1145	-8.38351e+006	   -109281	   -109295	   -109295	   -109295
1146	-8.38356e+006	   -109332	   -109372	   -109372	   -109372
1147	-8.38373e+006	   -109501	   -109441	   -109441	   -109441
1148	-8.38378e+006	   -109544	   -109496	   -109496	   -109496
1149	-8.38369e+006	   -109461	   -109547	   -109547	   -109547
1150	-8.38381e+006	   -109579	   -109618	   -109618	   -109618
1151	-8.38399e+006	   -109756	   -109703	   -109703	   -109703
1152	-8.38404e+006	   -109811	   -109774	   -109774	   -109774
1153	-8.38408e+006	   -109847	   -109819	   -109819	   -109819
1154	-8.38407e+006	   -109839	   -109855	   -109855	   -109855
1155	-8.38402e+006	   -109789	   -109916	   -109916	   -109916
1156	-8.38426e+006	   -110027	   -110020	   -110020	   -110020
1157	-8.38441e+006	   -110182	   -110145	   -110145	   -110145
1158	-8.38447e+006	   -110239	   -110264	   -110264	   -110264
1159	-8.38469e+006	   -110453	   -110354	   -110354	   -110354
1160	-8.38471e+006	   -110476	   -110403	   -110403	   -110403
1161	-8.38456e+006	   -110329	   -110433	   -110433	   -110433
1162	-8.38468e+006	   -110446	   -110479	   -110479	   -110479
1163	-8.38482e+006	   -110583	   -110540	   -110540	   -110540
1164	-8.38488e+006	   -110644	   -110591	   -110591	   -110591
1165	-8.38484e+006	   -110606	   -110626	   -110626	   -110626
1166	-8.38485e+006	   -110620	   -110667	   -110667	   -110667
1167	-8.38493e+006	   -110694	   -110734	   -110734	   -110734
1168	-8.38505e+006	   -110821	   -110831	   -110831	   -110831
1169	-8.38517e+006	   -110939	   -110935	   -110935	   -110935
1170	-8.38534e+006	   -111112	   -111011	   -111011	   -111011
1171	-8.38538e+006	   -111146	   -111038	   -111038	   -111038
1172	-8.38514e+006	   -110909	   -111052	   -111052	   -111052
1173	-8.38517e+006	   -110936	   -111114	   -111114	   -111114
1174	-8.38558e+006	   -111350	   -111224	   -111224	   -111224
1175	-8.38568e+006	   -111446	   -111327	   -111327	   -111327
1176	-8.38551e+006	   -111276	   -111409	   -111409	   -111409
1177	-8.38567e+006	   -111440	   -111500	   -111500	   -111500
1178	-8.38599e+006	   -111756	   -111585	   -111585	   -111585
1179	-8.38596e+006	   -111731	   -111624	   -111624	   -111624
1180	-8.3857e+006	   -111468	   -111643	   -111643	   -111643
1181	-8.38581e+006	   -111577	   -111709	   -111709	   -111709
1182	-8.38614e+006	   -111906	   -111826	   -111826	   -111826
1183	-8.38628e+006	   -112051	   -111933	   -111933	   -111933
1184	-8.38622e+006	   -111992	   -112007	   -112007	   -112007
1185	-8.38618e+006	   -111946	   -112081	   -112081	   -112081
1186	-8.38645e+006	   -112217	   -112180	   -112180	   -112180
1187	-8.38663e+006	   -112393	   -112284	   -112284	   -112284
1188	-8.38647e+006	   -112242	   -112380	   -112380	   -112380
1189	-8.38676e+006	   -112528	   -112461	   -112461	   -112461
1190	-8.38696e+006	   -112727	   -112500	   -112500	   -112500
1191	-8.38659e+006	   -112353	   -112495	   -112495	   -112495
1192	-8.38665e+006	   -112415	   -112497	   -112497	   -112497
1193	-8.3868e+006	   -112565	   -112529	   -112529	   -112529
1194	-8.38686e+006	   -112629	   -112565	   -112565	   -112565
1195	-8.38681e+006	   -112578	   -112585	   -112585	   -112585
1196	-8.38676e+006	   -112531	   -112603	   -112603	   -112603
1197	-8.38691e+006	   -112682	   -112626	   -112626	   -112626
1198	-8.38691e+006	   -112674	   -112646	   -112646	   -112646
1199	-8.38684e+006	   -112611	   -112673	   -112673	   -112673
1200	-8.38687e+006	   -112637	   -112738	   -112738	   -112738
1201	-8.38704e+006	   -112808	   -112851	   -112851	   -112851
1202	-8.38732e+006	   -113091	   -112976	   -112976	   -112976
1203	-8.38735e+006	   -113114	   -113063	   -113063	   -113063
1204	-8.38739e+006	   -113154	   -113100	   -113100	   -113100
1205	-8.38731e+006	   -113075	   -113126	   -113126	   -113126
1206	-8.38722e+006	   -112988	   -113195	   -113195	   -113195
1207	-8.38763e+006	   -113394	   -113316	   -113316	   -113316
1208	-8.38779e+006	   -113556	   -113431	   -113431	   -113431
1209	-8.38774e+006	   -113503	   -113486	   -113486	   -113486
1210	-8.38783e+006	   -113600	   -113467	   -113467	   -113467
1211	-8.38765e+006	   -113422	   -113407	   -113407	   -113407
1212	-8.38732e+006	   -113092	   -113385	   -113385	   -113385
1213	-8.38763e+006	   -113402	   -113463	   -113463	   -113463
1214	-8.38787e+006	   -113640	   -113625	   -113625	   -113625
1215	-8.38807e+006	   -113842	   -113803	   -113803	   -113803
1216	-8.38827e+006	   -114043	   -113944	   -113944	   -113944
1217	-8.3883e+006	   -114071	   -114034	   -114034	   -114034
1218	-8.38829e+006	   -114062	   -114088	   -114088	   -114088
1219	-8.38838e+006	   -114147	   -114135	   -114135	   -114135
1220	-8.3884e+006	   -114164	   -114194	   -114194	   -114194
1221	-8.38843e+006	   -114194	   -114272	   -114272	   -114272
1222	-8.3887e+006	   -114470	   -114353	   -114353	   -114353
1223	-8.38869e+006	   -114458	   -114414	   -114414	   -114414
1224	-8.38858e+006	   -114348	   -114467	   -114467	   -114467
1225	-8.38875e+006	   -114515	   -114542	   -114542	   -114542
1226	-8.38894e+006	   -114710	   -114626	   -114626	   -114626
1227	-8.38899e+006	   -114761	   -114684	   -114684	   -114684
1228	-8.38887e+006	   -114639	   -114726	   -114726	   -114726
1229	-8.38893e+006	   -114700	   -114779	   -114779	   -114779
1230	-8.38921e+006	   -114977	   -114835	   -114835	   -114835
1231	-8.38916e+006	   -114929	   -114866	   -114866	   -114866
1232	-8.38896e+006	   -114729	   -114887	   -114887	   -114887
1233	-8.38913e+006	   -114901	   -114935	   -114935	   -114935
1234	-8.38936e+006	   -115130	   -115000	   -115000	   -115000
1235	-8.38925e+006	   -115017	   -115058	   -115058	   -115058
1236	-8.38927e+006	   -115042	   -115127	   -115127	   -115127
1237	-8.38942e+006	   -115187	   -115234	   -115234	   -115234
1238	-8.38961e+006	   -115380	   -115371	   -115371	   -115371
1239	-8.38983e+006	   -115602	   -115499	   -115499	   -115499
1240	-8.38982e+006	   -115590	   -115598	   -115598	   -115598
1241	-8.38986e+006	   -115631	   -115678	   -115678	   -115678
1242	-8.39005e+006	   -115822	   -115744	   -115744	   -115744
1243	-8.39009e+006	   -115862	   -115785	   -115785	   -115785
1244	-8.38993e+006	   -115693	   -115819	   -115819	   -115819
